-0.438 -54.852
-0.039 -54.677
0.443 -54.451
0.965 -54.832
1.695 -54.399
2.360 -54.037
3.025 -53.651
3.369 -53.834
3.956 -54.127
4.415 -54.430
4.827 -54.162
5.084 -54.309
5.495 -54.543
6.184 -54.114
6.625 -53.814
7.237 -54.101
7.772 -54.396
8.288 -54.033
8.799 -53.668
9.429 -53.233
9.993 -52.792
10.542 -53.065
10.975 -53.332
11.708 -52.783
12.299 -52.375
12.895 -51.963
13.204 -52.141
13.788 -52.477
14.463 -51.997
15.112 -52.307
15.428 -52.084
15.822 -51.787
16.907 -52.169
17.806 -52.467
18.537 -52.734
18.712 -52.553
19.994 -52.817
21.250 -52.909
22.504 -53.051
23.075 -53.098
23.021 -53.200
23.886 -53.309
24.685 -53.422
>
32.126 -47.000
31.865 -47.201
31.588 -47.682
31.306 -48.163
31.008 -48.587
30.705 -49.011
30.362 -49.215
30.006 -49.611
29.712 -49.933
29.343 -50.507
28.969 -51.137
28.605 -51.772
28.403 -52.277
28.312 -52.540
28.111 -52.904
27.479 -52.771
27.370 -52.673
27.322 -52.547
26.713 -52.378
26.513 -52.620
26.338 -53.065
26.181 -53.429
25.987 -53.582
25.861 -53.480
25.647 -53.410
25.180 -53.444
>
32.126 -47.000
33.174 -47.264
33.359 -46.806
33.540 -46.346
33.818 -45.979
33.982 -46.081
34.087 -46.090
34.267 -46.212
34.504 -46.222
34.704 -45.971
34.868 -45.466
35.014 -45.106
35.182 -44.855
35.660 -44.866
35.973 -44.961
36.303 -44.966
36.677 -44.920
37.085 -44.804
37.508 -44.875
38.083 -44.619
38.194 -44.401
38.338 -44.055
39.073 -44.165
39.267 -43.726
39.459 -43.286
40.506 -43.438
41.558 -43.579
41.686 -43.117
41.812 -42.655
42.469 -42.730
42.572 -42.260
42.674 -41.790
42.774 -41.320
42.873 -40.850
44.009 -40.915
44.023 -40.671
44.686 -40.691
44.716 -40.369
45.303 -40.366
45.332 -40.109
46.074 -40.119
46.160 -39.494
46.244 -38.870
47.135 -38.764
48.023 -38.651
48.017 -38.478
48.633 -38.014
49.034 -38.000
49.037 -37.792
49.945 -37.790
49.962 -37.597
50.823 -37.580
50.827 -37.451
51.555 -37.442
52.283 -37.432
52.311 -36.797
52.338 -36.162
52.902 -36.153
53.466 -36.141
53.471 -35.517
54.216 -35.302
54.255 -34.542
55.275 -34.561
55.301 -34.287
55.699 -34.235
55.738 -33.653
56.401 -33.627
57.061 -33.554
57.091 -32.835
57.122 -32.303
57.153 -31.771
57.800 -31.722
58.456 -31.691
58.530 -31.055
59.167 -31.050
59.188 -30.567
60.005 -30.561
60.763 -30.531
60.747 -30.014
60.762 -29.999
60.786 -29.465
60.810 -28.931
61.532 -28.920
61.518 -28.777
62.162 -28.811
62.135 -28.490
62.746 -28.458
62.703 -28.153
63.211 -28.164
63.194 -28.021
63.621 -28.039
63.604 -27.831
64.467 -27.817
65.332 -27.812
65.348 -27.514
66.359 -27.514
66.373 -27.281
67.129 -27.269
67.156 -26.867
67.424 -26.870
67.433 -26.572
67.962 -26.583
67.979 -26.291
68.622 -26.263
68.598 -26.121
68.820 -26.141
68.829 -26.009
69.150 -25.993
69.138 -25.784
69.460 -25.782
69.490 -25.676
>
58.239 12.745
57.868 13.002
57.639 13.138
57.733 13.309
57.810 13.451
57.689 13.523
57.478 13.643
57.301 13.740
57.299 13.772
57.140 13.848
56.969 13.937
57.037 14.068
56.903 14.141
56.762 14.208
56.819 14.302
>
68.274 -6.811
67.811 -7.253
68.073 -7.648
67.642 -8.027
68.039 -8.492
67.565 -8.881
67.090 -9.270
67.378 -9.630
66.920 -9.990
66.460 -10.350
66.787 -10.762
66.167 -11.210
66.418 -11.559
65.698 -12.019
66.033 -12.426
66.369 -12.833
65.821 -13.268
66.210 -13.777
65.928 -13.979
66.208 -14.339
66.488 -14.698
66.888 -15.270
67.290 -15.821
67.383 -15.942
67.033 -16.139
67.410 -16.659
66.708 -17.090
66.143 -17.450
65.542 -17.783
65.007 -18.058
65.264 -18.443
65.522 -18.828
66.033 -19.577
66.428 -20.078
66.751 -19.870
67.040 -20.218
67.310 -20.073
67.593 -20.369
67.768 -20.280
67.897 -20.469
68.213 -20.291
68.559 -20.712
68.277 -20.878
68.653 -21.449
69.202 -22.088
68.797 -22.387
69.162 -22.830
69.558 -23.373
69.850 -23.709
69.402 -24.040
69.680 -24.369
69.939 -24.678
69.592 -24.970
70.090 -25.483
>
-29.770 39.400
-29.335 39.315
-29.297 39.255
-29.260 39.250
-29.188 39.279
-29.147 39.294
-29.090 39.323
-29.049 39.338
-28.982 39.366
-28.951 39.379
-28.895 39.412
-28.853 39.373
-28.781 39.299
-28.745 39.263
-28.686 39.214
-28.666 39.179
-28.619 39.121
-28.566 39.130
-28.484 39.156
-28.452 39.134
-28.420 39.093
-28.396 39.058
-28.365 39.020
-28.342 38.993
-28.292 38.939
-28.215 38.952
-28.120 38.968
-28.059 38.983
-27.955 39.004
-27.793 39.000
-27.722 38.942
-27.680 38.914
-27.606 38.863
-27.559 38.836
-27.484 38.782
-27.239 38.780
-27.203 38.700
-27.174 38.666
-27.129 38.607
-27.090 38.571
-27.029 38.491
-27.007 38.464
-26.941 38.400
-26.901 38.360
-26.830 38.278
-26.718 38.420
-26.647 38.358
-26.614 38.324
-26.532 38.255
-26.494 38.222
-26.417 38.149
-26.379 38.116
-26.302 38.047
-26.171 38.036
-26.075 37.965
-26.043 37.936
-25.916 37.839
-25.808 37.878
-25.734 37.816
-25.698 37.790
-25.633 37.722
-25.538 37.818
-25.464 37.752
-25.427 37.718
-25.355 37.663
-25.267 37.769
-25.101 37.646
-24.983 37.644
-24.931 37.609
-24.892 37.584
-24.845 37.552
-24.816 37.533
-24.775 37.500
-24.733 37.467
-24.667 37.411
-24.702 37.352
-24.738 37.273
-24.750 37.217
-24.681 37.127
-24.635 37.095
-24.554 37.017
-24.500 36.971
-24.434 36.910
-24.385 36.863
-24.311 36.792
-24.255 36.781
-24.146 36.789
-24.046 36.755
-23.570 36.646
-22.893 36.702
-22.216 36.754
-21.507 36.820
-20.797 36.881
-20.240 36.954
>
-18.124 37.466
-17.584 37.503
-16.742 37.435
-15.842 37.297
>
-13.675 37.395
-12.903 36.864
-12.142 36.328
>
-9.977 36.651
-9.545 36.430
>
58.239 12.745
58.017 12.283
57.796 11.821
57.576 11.359
57.356 10.896
57.138 10.434
56.919 9.971
56.978 9.857
57.029 9.857
57.261 9.681
57.491 9.942
58.063 9.532
58.018 9.450
58.263 9.293
58.148 9.090
>
58.251 8.647
58.611 8.401
58.918 8.167
58.880 8.097
>
59.220 7.673
59.700 7.312
60.179 6.951
60.038 6.767
60.670 6.310
61.142 5.910
61.657 5.490
61.529 5.262
62.000 4.911
62.457 4.523
63.002 4.108
62.868 3.893
63.331 3.631
63.388 3.700
63.819 3.482
63.890 3.602
64.618 3.217
64.682 3.299
65.213 2.921
65.489 3.299
65.963 2.971
66.380 2.752
66.179 2.393
65.992 2.052
66.333 1.859
66.673 1.621
66.493 1.331
66.870 1.068
66.657 0.722
67.159 0.337
66.839 -0.039
67.209 -0.340
67.023 -0.578
67.662 -1.040
67.367 -1.440
67.929 -1.913
67.788 -2.088
68.249 -2.540
67.892 -2.888
68.270 -3.351
68.667 -3.771
68.349 -4.118
68.751 -4.549
68.199 -5.042
68.607 -5.472
68.219 -5.891
67.782 -6.259
>
-46.766 15.451
-46.648 16.019
-46.529 16.587
-46.589 16.607
-46.498 17.087
-46.407 17.566
-46.520 17.588
-46.391 18.422
-46.318 18.421
-46.224 18.935
-46.184 18.932
-46.093 19.377
-46.001 19.823
-45.940 19.802
-45.774 20.618
-45.557 20.596
-45.419 21.222
-45.515 21.247
-45.385 21.822
-45.248 21.806
-45.157 22.390
-45.066 22.973
-45.024 22.963
-44.924 23.646
-45.699 23.784
-46.476 23.917
-46.196 24.597
-46.119 24.590
-45.792 25.254
-45.499 25.192
-45.296 25.637
-45.092 26.081
-44.899 26.055
-44.816 26.270
-44.867 26.280
-44.687 26.767
-44.506 27.254
-44.383 27.236
-44.203 27.671
-44.022 28.107
-43.942 28.105
-43.563 28.811
-43.483 28.802
-43.088 29.469
-43.037 29.471
-42.729 30.070
-42.136 29.973
-41.786 30.606
-41.430 31.237
-41.184 31.194
-40.710 31.817
-40.553 31.802
-40.129 32.444
-39.700 33.084
-39.586 33.067
-39.399 33.768
-38.597 33.637
-37.798 33.501
-37.678 33.736
-37.533 33.705
-37.336 34.136
-37.245 34.124
-37.046 34.567
-36.862 34.554
-36.785 34.712
-36.623 34.693
-36.373 35.280
-35.558 35.148
-34.746 35.010
-34.459 35.625
-34.335 35.616
-34.142 36.079
-34.057 36.071
-33.982 36.221
-33.772 36.185
-33.595 36.742
-33.313 36.691
-33.225 36.941
-33.005 36.916
-32.943 37.065
-32.708 37.033
-32.646 37.176
-32.395 37.137
-32.283 37.391
-31.516 37.282
-31.371 37.705
-31.071 37.680
-30.605 38.403
-30.430 38.388
-30.171 38.888
-29.909 39.387
>
-46.766 15.451
-45.947 15.360
-45.130 15.267
-45.136 14.647
-45.142 14.026
-45.061 13.992
-45.049 13.336
-45.037 12.680
-44.262 12.626
-44.278 12.101
-43.884 12.085
-43.903 11.506
-43.921 10.927
-43.448 10.906
-42.976 10.883
-42.504 10.860
-42.031 10.837
-41.559 10.812
-41.087 10.787
-41.083 9.979
-40.861 9.973
-40.865 9.389
-40.640 9.373
-40.652 8.841
-40.120 8.815
-40.141 8.215
-39.661 8.197
-39.181 8.179
-38.701 8.159
-38.221 8.140
-38.207 7.703
-37.536 7.679
-36.865 7.654
-36.851 7.401
-36.058 7.363
-36.047 7.023
-35.367 6.935
-35.363 6.614
-34.494 6.616
-33.624 6.618
-33.620 6.104
-33.514 6.076
-33.507 5.649
-32.978 5.647
-32.920 4.804
-32.862 3.960
-32.387 3.986
-31.912 4.011
-31.437 4.036
-30.962 4.061
-30.887 3.255
-30.811 2.449
-30.736 1.643
-30.027 1.607
-29.920 0.797
-29.210 0.849
-28.347 0.953
-27.831 1.007
-27.315 1.062
-26.474 1.159
-26.289 0.498
-25.659 0.556
-25.029 0.614
-24.821 -0.245
-24.612 -1.103
-24.051 -1.034
-23.490 -0.964
-22.935 -0.880
-22.381 -0.796
-21.544 -0.680
-21.017 -0.588
-20.490 -0.497
-19.675 -0.333
-18.850 -0.176
-18.369 -0.073
-17.889 0.031
-17.323 0.150
-16.757 0.269
-16.498 0.299
-16.252 -0.556
-16.037 -0.520
-15.841 -1.143
-15.565 -1.073
-15.410 -1.493
-14.659 -1.301
-13.909 -1.108
-13.158 -0.915
-12.930 -1.507
-12.701 -2.099
-12.164 -1.945
-11.999 -2.400
-11.834 -2.855
-12.029 -3.013
-11.898 -3.493
-11.766 -3.972
-12.097 -4.103
-12.039 -4.587
-12.144 -4.609
-12.019 -5.026
-11.604 -4.942
-11.516 -5.415
-11.167 -5.377
-11.022 -5.930
-11.267 -6.020
-11.181 -6.755
-11.993 -6.961
-12.807 -7.165
-13.621 -7.367
-13.489 -7.889
-13.357 -8.411
-13.191 -8.374
-13.023 -9.225
-13.248 -9.276
-13.166 -9.794
-13.315 -9.825
-13.174 -10.623
-13.031 -11.422
-13.524 -11.539
-14.018 -11.655
-14.512 -11.771
-15.006 -11.885
-14.908 -12.339
-14.861 -12.320
-14.791 -12.656
-14.550 -12.577
-14.410 -13.218
-14.600 -13.266
-14.539 -13.737
-14.478 -14.208
-13.643 -14.035
-13.435 -14.849
-13.226 -15.663
-13.384 -15.688
-13.239 -16.212
-13.770 -16.323
-14.302 -16.433
-14.238 -16.764
-14.369 -16.777
-14.224 -17.386
-14.079 -17.995
-13.519 -17.893
-12.960 -17.790
-12.860 -18.287
-12.759 -18.785
-12.477 -18.747
-12.370 -19.341
-12.263 -19.935
-11.945 -19.825
-11.852 -20.278
-11.971 -20.299
-11.763 -21.176
-12.007 -21.209
-11.849 -21.735
-11.936 -21.752
-11.819 -22.153
-12.364 -22.267
-12.910 -22.379
-12.851 -22.630
-13.340 -22.730
-13.829 -22.829
-13.664 -23.544
-13.570 -23.514
-13.426 -24.146
-13.280 -24.777
-13.811 -24.887
-13.663 -25.648
-14.049 -25.738
-13.816 -26.586
-13.690 -26.564
-13.482 -27.443
-13.272 -28.321
-12.746 -28.213
-12.533 -28.941
-13.262 -29.098
-13.990 -29.251
-13.820 -29.851
-13.716 -29.828
-13.543 -30.491
-13.367 -31.157
-13.499 -31.179
-13.371 -31.661
-13.245 -32.143
-13.883 -32.275
-14.523 -32.400
-14.446 -32.898
-14.367 -33.499
-14.702 -33.569
-14.515 -34.043
-15.274 -34.238
-15.083 -34.690
-15.266 -34.770
-15.100 -35.182
-16.027 -35.343
-16.962 -35.499
-17.703 -35.663
-17.419 -36.068
-17.085 -36.472
-17.440 -36.562
-17.333 -36.944
-17.233 -37.374
-17.533 -37.472
-17.388 -38.025
-17.051 -38.447
-16.799 -38.401
-16.361 -38.558
-16.044 -38.883
-15.965 -39.352
-15.922 -39.681
-16.415 -39.790
-16.470 -40.273
-16.867 -40.366
-16.817 -40.790
-16.744 -41.176
-16.678 -41.519
-16.332 -41.806
-16.215 -42.338
-16.430 -42.868
-16.330 -43.387
-16.244 -43.683
-16.086 -44.132
-15.924 -44.580
-15.760 -45.028
-15.594 -45.476
-14.894 -45.371
-14.715 -45.898
-13.810 -45.797
-13.571 -46.688
-13.325 -47.578
-12.610 -47.471
-11.898 -47.361
-11.189 -47.245
-10.483 -47.126
-10.296 -47.649
-10.104 -48.172
-9.909 -48.694
-9.710 -49.216
-8.922 -49.091
-8.139 -48.961
-8.022 -49.283
-7.961 -49.270
-7.638 -50.059
-7.433 -50.001
-7.159 -50.610
-6.160 -50.417
-5.169 -50.216
-4.943 -50.675
-4.713 -51.133
-4.478 -51.591
-4.238 -52.049
-3.956 -51.979
-3.447 -52.764
-2.920 -53.547
-2.372 -54.327
-1.382 -54.053
-0.915 -54.453
>
69.960 -25.651
70.409 -26.060
70.665 -25.912
70.994 -26.187
71.135 -26.083
71.580 -26.454
71.717 -26.386
72.066 -26.656
72.008 -26.718
72.463 -27.146
72.920 -27.573
73.123 -27.446
73.399 -27.655
73.534 -27.570
73.968 -27.944
74.406 -28.317
74.192 -28.541
74.592 -28.903
74.994 -29.264
74.938 -29.328
75.554 -29.839
75.364 -30.006
75.515 -30.118
75.393 -30.240
75.797 -30.573
76.204 -30.906
76.148 -30.970
76.689 -31.465
76.395 -31.719
76.812 -32.090
77.233 -32.459
77.658 -32.828
78.086 -33.194
77.352 -33.838
77.917 -34.324
78.488 -34.807
78.442 -34.842
78.803 -35.161
78.201 -35.683
78.690 -36.098
79.184 -36.511
78.606 -36.998
78.021 -37.483
78.706 -38.001
78.182 -38.393
78.529 -38.659
78.073 -39.005
78.384 -39.262
78.002 -39.539
78.425 -39.905
77.825 -40.326
78.484 -40.866
78.659 -40.872
79.319 -41.384
79.990 -41.892
80.464 -41.512
80.932 -41.130
81.752 -41.722
82.588 -42.309
83.439 -42.890
83.853 -42.551
84.263 -42.210
84.669 -41.868
85.070 -41.525
85.466 -41.180
85.859 -40.834
86.402 -41.129
86.950 -41.421
87.502 -41.710
88.060 -41.997
88.488 -41.686
89.011 -41.944
89.537 -42.200
90.068 -42.454
90.603 -42.705
91.142 -42.953
91.686 -43.199
92.234 -43.443
92.786 -43.684
93.343 -43.922
93.904 -44.157
94.470 -44.390
95.040 -44.619
94.926 -44.805
95.806 -45.141
96.698 -45.471
96.274 -45.996
95.842 -46.520
96.458 -46.772
97.080 -47.020
97.707 -47.265
98.340 -47.506
98.979 -47.744
99.624 -47.978
100.202 -47.266
100.817 -47.465
101.436 -47.661
102.060 -47.853
102.688 -48.042
103.321 -48.228
103.959 -48.409
104.601 -48.588
105.247 -48.762
105.898 -48.933
106.554 -49.101
106.692 -48.841
107.486 -49.015
108.285 -49.182
108.240 -49.259
109.351 -49.523
110.472 -49.779
110.868 -49.829
111.129 -49.800
111.363 -49.930
111.666 -50.084
112.967 -50.200
114.024 -50.388
114.362 -49.878
115.500 -49.974
115.988 -49.852
116.256 -49.540
116.635 -49.271
117.523 -49.620
118.194 -49.865
118.547 -49.802
119.366 -49.938
120.273 -50.036
120.516 -49.524
120.842 -48.890
121.555 -49.006
121.437 -49.620
121.866 -49.736
122.224 -49.846
122.553 -49.812
122.797 -49.729
123.013 -49.542
123.328 -49.585
123.771 -49.122
124.007 -48.906
124.213 -48.848
124.607 -48.984
124.992 -49.153
125.125 -49.358
125.262 -49.598
125.896 -49.717
126.074 -49.401
126.264 -49.044
126.434 -48.630
126.861 -48.698
127.313 -48.764
127.243 -49.294
127.196 -49.643
127.143 -49.976
128.312 -50.159
129.412 -50.348
130.569 -50.525
131.256 -50.604
131.515 -50.222
132.261 -50.223
133.465 -50.306
134.245 -50.347
135.026 -50.384
135.246 -50.209
136.226 -50.248
136.946 -50.220
137.700 -50.234
138.401 -50.231
139.110 -50.256
139.645 -50.279
139.733 -51.174
139.813 -51.838
140.323 -51.798
140.400 -52.274
140.478 -52.750
140.584 -53.504
140.659 -53.885
141.451 -54.053
142.250 -54.215
143.778 -54.234
144.282 -54.799
145.401 -54.756
146.881 -54.695
147.043 -55.175
147.206 -55.654
147.373 -56.132
147.545 -56.610
147.721 -57.088
147.902 -57.566
148.076 -57.527
148.806 -57.436
149.150 -58.104
149.398 -58.552
149.652 -58.999
150.006 -59.570
150.733 -59.475
151.008 -59.944
151.290 -60.413
152.473 -60.176
153.639 -59.930
154.294 -60.681
154.981 -61.429
155.701 -62.174
156.457 -62.914
157.970 -62.478
159.440 -62.026
160.865 -61.559
>
-76.006 -45.659
-76.675 -45.643
-77.661 -45.761
-77.764 -45.589
-77.990 -45.092
-78.206 -44.411
-78.893 -44.545
-79.586 -44.666
-80.281 -44.782
-81.106 -44.876
-81.935 -44.964
-82.138 -44.404
-82.351 -43.639
-82.509 -42.861
-83.448 -42.981
-83.454 -42.873
-83.604 -42.222
-83.716 -41.674
-83.827 -41.125
-84.487 -41.191
-85.148 -41.253
-86.240 -41.393
-87.336 -41.521
-87.417 -41.273
-88.447 -41.319
-89.250 -41.378
-90.054 -41.432
-90.088 -41.058
-90.739 -41.082
-91.391 -41.103
-91.476 -40.732
-91.512 -40.282
-91.548 -39.833
-91.604 -39.349
-91.658 -38.866
-92.340 -38.918
-93.022 -38.967
-93.075 -38.429
-93.996 -38.482
-94.093 -37.717
-94.130 -37.001
-94.910 -36.985
-95.689 -36.965
-96.551 -36.921
-97.413 -36.871
-97.402 -36.294
-98.417 -36.193
-99.532 -36.133
-100.645 -36.063
-101.286 -35.997
-101.926 -35.927
-102.565 -35.854
-103.202 -35.778
-103.998 -35.694
-104.793 -35.605
-105.391 -35.524
-105.988 -35.439
-106.666 -35.394
-107.343 -35.345
-108.071 -35.240
-108.797 -35.132
>
161.228 -61.457
161.975 -61.763
162.579 -62.213
163.202 -62.660
163.773 -62.475
164.275 -62.322
164.768 -62.177
165.103 -62.077
165.653 -62.473
165.969 -62.668
166.620 -63.087
>
169.238 -62.446
169.605 -62.676
170.068 -62.972
170.441 -63.149
171.009 -63.447
171.640 -63.807
172.164 -64.097
172.520 -64.256
173.631 -64.738
174.242 -64.508
174.814 -64.315
175.162 -64.174
175.582 -63.984
176.063 -64.188
176.549 -64.410
176.819 -64.506
177.338 -64.736
177.889 -64.975
178.240 -65.079
178.759 -65.274
179.381 -65.477
179.963 -65.739
-179.197 -65.986
-178.793 -66.163
-177.926 -65.862
-177.072 -65.607
-175.729 -65.183
-175.070 -65.505
-174.418 -65.835
-173.709 -65.506
-172.517 -64.978
-171.300 -64.356
-170.043 -64.858
-169.839 -64.764
-169.109 -64.245
-168.379 -63.730
-167.513 -63.106
-166.608 -62.490
-166.199 -62.606
-165.149 -63.007
-163.921 -63.467
-163.001 -62.967
-162.061 -62.394
-161.338 -62.614
-160.430 -62.923
-159.888 -62.595
-158.703 -63.004
-158.394 -62.789
-157.601 -63.070
-156.717 -63.324
-156.022 -62.952
-155.254 -62.433
-154.324 -61.776
-154.181 -61.836
-153.661 -61.399
-152.943 -60.841
-152.119 -60.158
-151.329 -59.469
-150.382 -59.718
-149.809 -59.314
-149.264 -58.822
-148.276 -58.130
-147.692 -57.555
-147.167 -57.638
-146.681 -57.308
-145.979 -56.669
-145.412 -56.228
-144.857 -55.784
-144.482 -55.910
-143.324 -56.263
-142.086 -56.619
-141.211 -56.839
-140.325 -57.053
-140.041 -56.772
-139.545 -56.268
-139.191 -55.725
-139.578 -55.615
-139.253 -55.251
-138.799 -54.712
-138.338 -54.141
-137.890 -53.568
-137.522 -53.688
-136.590 -53.907
-136.180 -53.396
-135.307 -53.643
-134.205 -53.887
-132.870 -54.237
-132.126 -54.432
-131.375 -54.623
-130.059 -54.931
-129.345 -55.129
-128.624 -55.321
-127.231 -55.565
-126.800 -55.064
-126.197 -55.138
-125.077 -55.454
-124.262 -55.587
-123.442 -55.715
-122.655 -55.873
-121.862 -56.026
-121.635 -55.832
-121.228 -55.219
-120.663 -54.410
-119.685 -54.642
-118.581 -54.819
-118.313 -54.350
-118.037 -53.691
-117.661 -53.124
-118.977 -52.897
-118.875 -52.752
-118.422 -52.212
-118.120 -51.772
-117.824 -51.331
-117.522 -50.875
-117.225 -50.418
-116.802 -49.893
-116.388 -49.368
-115.233 -49.589
-114.556 -49.721
-113.875 -49.849
-113.745 -49.357
-113.528 -48.841
-113.315 -48.324
-113.131 -47.773
-112.950 -47.222
-112.685 -46.539
-112.426 -45.854
-112.675 -45.833
-112.550 -45.494
-112.381 -44.938
-112.216 -44.381
-111.971 -43.774
-111.730 -43.166
-111.538 -42.683
-111.349 -42.200
-110.954 -42.249
-110.832 -41.355
-110.754 -40.760
-110.677 -40.164
-110.533 -39.575
-110.391 -38.986
-111.270 -38.979
-111.268 -38.878
-111.067 -38.276
-110.869 -37.674
-110.668 -37.042
-110.471 -36.410
-110.739 -36.358
-110.715 -36.219
-110.579 -35.830
-110.895 -35.797
-110.877 -35.319
>
-0.438 -54.852
-1.039 -55.019
-1.606 -55.129
-1.614 -55.653
-2.080 -55.657
-2.896 -55.707
-3.720 -55.740
-4.056 -55.769
-4.691 -55.807
-4.675 -56.210
-4.693 -56.592
-5.448 -56.627
-6.057 -56.672
-6.094 -56.982
-6.130 -57.240
-6.538 -57.270
-6.999 -57.318
-7.013 -57.617
-7.009 -57.869
-7.525 -57.920
-8.607 -57.989
-9.885 -58.091
-11.190 -58.158
-12.649 -58.241
-13.954 -58.317
-15.069 -58.390
-15.972 -58.439
-16.005 -58.459
-16.226 -58.767
-16.410 -59.098
-16.917 -59.098
-17.667 -59.129
-18.060 -59.153
-18.123 -59.509
-18.433 -59.542
-18.547 -59.938
-18.646 -60.250
-19.371 -60.289
-19.581 -60.811
-20.651 -60.782
-21.719 -60.744
-22.914 -60.723
-24.107 -60.692
-25.094 -60.545
>
-177.793 -25.976
-178.017 -26.767
-178.248 -27.376
>
-179.226 -30.355
-179.393 -30.997
-179.515 -31.333
-179.740 -31.751
179.980 -32.347
179.657 -33.019
179.345 -33.602
>
178.681 -34.786
178.403 -35.161
177.890 -35.917
>
-176.346 -14.634
-175.865 -14.478
-175.309 -14.407
-174.754 -14.334
-174.083 -14.379
-173.836 -14.534
>
-63.360 19.691
-63.760 19.724
-64.344 19.779
-65.129 19.833
-65.694 19.829
-66.259 19.825
-67.040 19.754
-67.531 19.721
-68.022 19.687
-68.853 19.589
>
-71.277 20.201
-71.804 20.267
-72.332 20.331
>
-76.356 19.845
-76.983 19.747
-77.673 19.623
-78.361 19.497
-79.011 19.382
-79.660 19.264
-80.210 19.160
-80.758 19.054
-81.256 18.960
-81.754 18.865
-81.689 18.333
-81.625 17.802
-82.244 17.691
-82.865 17.626
-83.706 17.481
-84.248 17.344
-84.910 17.107
-85.671 16.911
-86.320 16.694
>
-105.586 17.881
-105.399 17.768
-105.367 17.031
-105.398 16.260
-105.357 15.558
-105.320 15.108
-104.690 15.274
-104.563 14.672
-104.437 14.070
-104.181 13.328
-103.927 12.587
-103.772 11.890
-103.875 11.872
-103.807 11.405
-103.739 10.937
-103.628 10.275
-103.598 10.123
-104.296 10.017
-104.296 9.175
-104.258 8.456
-104.229 8.340
-103.595 8.370
-102.961 8.400
-102.810 7.791
-102.659 7.182
-102.558 6.355
-102.457 5.529
-102.320 4.653
-102.184 3.778
-102.259 3.751
-102.199 3.458
>
-99.739 2.269
-99.657 2.190
-98.918 2.112
-98.889 2.213
-98.367 2.145
-97.846 2.077
-97.551 2.088
-97.585 1.898
-96.880 1.886
-96.175 1.873
-96.120 2.238
-95.224 2.222
-95.198 2.507
-94.404 2.440
-93.611 2.372
-92.928 2.300
-92.245 2.227
-92.090 2.200
-92.118 1.990
-91.538 2.011
-91.561 1.817
-90.697 1.736
-90.663 1.120
-89.784 1.073
-88.904 1.025
-88.024 0.977
-87.145 0.929
-86.266 0.880
-85.386 0.832
-85.349 1.644
-84.576 1.598
-84.571 2.066
-84.567 2.534
-84.467 3.112
-83.923 3.139
-83.378 3.165
-82.806 3.118
-82.875 3.595
-82.875 4.072
-82.875 4.563
-82.875 5.054
-82.875 5.833
-82.875 6.562
-82.875 7.118
>
-15.716 69.550
-15.425 69.840
-15.024 70.169
-14.734 70.389
-14.448 70.354
-14.237 70.517
-14.036 70.726
-13.892 70.816
-13.396 70.772
-12.905 70.698
-12.255 70.563
-12.009 70.706
-11.669 70.876
-11.356 71.052
-11.865 71.147
-12.359 71.252
-12.106 71.396
-11.714 71.588
-11.370 71.774
-10.356 71.615
-9.393 71.456
-7.941 71.217
-7.375 71.125
-6.900 71.282
-6.333 71.387
-5.917 71.465
-5.699 71.540
-5.157 71.431
-4.741 71.333
-4.360 71.432
-4.072 71.491
-3.692 71.398
-2.937 71.500
-2.399 71.592
-1.743 71.685
-0.975 71.815
-0.392 71.910
0.281 72.015
0.901 72.134
1.991 72.328
2.781 72.433
3.609 72.580
4.300 72.697
4.970 72.821
5.586 72.924
6.055 73.019
6.782 73.145
7.071 73.203
7.391 73.252
7.791 73.371
8.150 73.427
8.386 73.485
8.652 73.534
8.838 73.628
8.957 73.706
9.037 73.758
9.140 73.882
9.203 73.979
9.208 74.096
9.153 74.233
9.133 74.377
8.984 74.543
8.781 74.763
8.630 74.946
8.460 75.076
8.212 75.188
7.946 75.382
7.842 75.527
7.603 75.729
7.593 75.981
7.515 76.117
7.480 76.279
7.557 76.431
7.563 76.602
7.615 76.799
7.622 76.969
7.672 77.148
7.809 77.479
7.880 77.712
7.771 77.911
7.827 78.090
7.785 78.235
6.776 78.444
5.592 78.641
4.691 78.806
3.857 78.950
3.432 79.030
3.901 79.228
4.390 79.533
3.296 79.658
2.378 79.780
1.487 79.909
0.628 80.026
-0.251 80.142
-0.969 80.213
-1.766 80.309
-2.341 80.370
-1.684 80.625
-2.942 80.756
-3.364 80.792
-2.779 80.993
-2.414 81.126
-3.454 81.251
-4.641 81.370
-4.152 81.552
-3.909 81.620
-5.033 81.913
-4.537 82.050
-3.796 82.290
-3.700 82.328
-5.010 82.519
-5.865 82.691
-7.212 82.868
-6.234 83.000
-5.154 83.249
-4.148 83.430
-3.204 83.570
-2.363 83.690
-1.206 83.864
-0.469 83.996
0.405 84.102
1.301 84.223
2.235 84.343
3.024 84.462
3.848 84.561
4.035 84.597
4.508 84.570
5.177 84.632
6.665 84.762
8.134 84.898
8.938 85.009
9.809 84.958
10.659 85.067
11.704 85.137
13.242 85.281
14.666 85.380
16.063 85.485
17.890 85.591
19.285 85.684
21.343 85.799
23.347 85.817
25.383 85.859
27.427 85.867
28.143 85.874
29.229 85.810
30.972 85.908
33.340 86.053
35.607 86.161
38.301 86.291
41.756 86.432
43.479 86.496
46.314 86.561
46.063 86.598
47.523 86.641
50.770 86.706
54.561 86.746
58.018 86.787
61.506 86.805
62.463 86.755
66.544 86.655
66.301 86.606
69.752 86.472
68.208 86.306
70.926 86.203
72.984 86.106
75.029 85.989
76.326 85.917
78.403 85.768
81.103 85.639
83.143 85.556
84.802 85.500
86.802 85.418
88.486 85.346
89.980 85.296
92.313 85.229
94.155 85.155
95.839 85.102
97.273 85.028
98.568 84.960
99.444 84.911
102.918 84.664
103.943 84.578
105.302 84.485
106.759 84.369
107.709 84.295
108.939 84.194
109.727 84.110
110.959 83.965
111.974 83.824
112.843 83.674
113.723 83.512
114.558 83.321
115.258 83.151
115.793 83.014
116.582 82.740
117.171 82.539
117.755 82.298
119.100 82.087
119.984 81.595
121.004 81.115
121.898 80.643
122.639 80.206
123.408 79.759
125.188 78.990
>
-29.770 39.400
-29.609 39.993
-29.613 40.033
-29.580 40.079
-29.588 40.106
-29.656 40.107
-29.640 40.208
-29.631 40.285
-29.598 40.383
-29.569 40.470
-29.577 40.549
-29.560 40.599
-29.346 40.570
-29.300 40.705
-29.278 40.871
-29.256 40.985
-29.242 41.126
-29.229 41.215
-29.322 41.247
-29.292 41.385
-29.245 41.520
-29.206 41.683
-29.200 41.800
-29.162 41.910
-29.261 41.929
-29.242 42.083
-29.245 42.175
-29.223 42.237
-29.223 42.289
-29.435 42.291
-29.392 42.413
-29.370 42.527
-29.339 42.613
-29.318 42.674
-29.321 42.715
-29.372 42.724
-29.349 42.838
-29.327 42.951
-29.317 43.028
-29.317 43.081
-29.174 43.080
-29.091 43.208
-29.008 43.389
-28.934 43.493
-28.885 43.628
-28.840 43.698
-28.796 43.768
-28.524 43.768
-28.513 43.845
-28.481 43.931
-28.483 44.023
-28.455 44.096
-28.436 44.145
-28.435 44.198
-28.367 44.184
-28.320 44.307
-28.282 44.405
-28.257 44.518
-28.215 44.628
-28.168 44.750
-28.144 44.812
-28.142 44.864
-28.106 44.909
-28.157 44.920
-28.139 44.968
-28.115 45.030
-28.100 45.066
-28.076 45.127
-27.994 45.098
-27.988 45.163
-27.986 45.215
-27.979 45.280
-27.972 45.344
-27.937 45.337
-27.935 45.390
-27.938 45.430
-27.924 45.466
-27.871 45.456
-27.862 45.480
-27.864 45.521
-27.877 45.536
-27.825 45.526
-27.795 45.599
-27.773 45.700
-27.759 45.829
-27.739 45.878
-27.699 45.883
-27.697 45.936
-27.677 45.985
-27.602 45.983
-27.585 46.072
-27.572 46.149
-27.565 46.213
-27.512 46.203
-27.489 46.304
-27.487 46.356
-27.472 46.485
-27.446 46.638
-27.444 46.691
-27.436 46.755
-27.378 46.757
-27.377 46.849
-27.347 46.922
-27.334 46.999
-27.382 47.114
-27.441 47.205
-27.474 47.264
-27.461 47.341
-27.458 47.393
-27.464 47.473
-27.443 47.522
-27.448 47.602
-27.463 47.658
-27.564 47.651
-27.590 47.775
-27.622 47.886
-27.635 47.994
-27.654 48.090
-27.704 48.205
-27.712 48.325
-27.731 48.421
-27.749 48.517
-27.760 48.585
-27.889 48.609
-28.011 48.605
-28.035 48.688
-28.087 48.803
-28.162 48.909
-28.206 48.996
-28.263 49.099
-28.317 49.161
-28.353 49.220
-28.426 49.286
-28.452 49.369
-28.486 49.481
-28.545 49.583
-28.562 49.639
-28.718 49.653
-28.818 49.657
-28.869 49.731
-28.895 49.815
-28.960 49.905
-28.987 49.988
-28.995 50.068
-29.022 50.152
-29.126 50.195
-29.198 50.221
-29.322 50.320
-29.427 50.416
-29.508 50.469
-29.537 50.500
-29.662 50.598
-29.768 50.694
-29.831 50.743
-29.875 50.790
-29.909 50.861
-29.942 50.931
-29.982 50.990
-29.976 51.107
-30.001 51.254
-29.996 51.424
-30.001 51.620
-30.006 51.765
-30.011 51.857
-30.036 51.953
-30.026 52.030
-30.376 52.057
-30.807 52.095
-31.058 52.105
-31.268 52.109
-31.253 52.263
-31.265 52.343
-31.257 52.420
-31.582 52.465
-31.866 52.504
-32.054 52.516
-32.359 52.556
-32.649 52.581
-32.857 52.595
-33.020 52.615
-33.335 52.628
-33.712 52.648
-34.174 52.663
-34.572 52.682
-34.925 52.708
-34.884 52.704
-35.011 52.704
-35.138 52.705
-35.156 52.861
-35.161 52.990
-35.184 53.134
-35.183 53.210
-35.325 53.238
-35.282 53.388
-35.257 53.475
-35.246 53.512
-35.452 53.546
-35.395 53.668
-35.327 53.828
-35.270 53.951
-35.201 54.111
-35.147 54.220
-35.121 54.308
-35.313 54.327
-35.488 54.331
-35.412 54.516
-35.365 54.678
-35.289 54.786
-35.274 54.913
-35.212 54.971
-35.339 54.996
-35.251 55.141
-35.173 55.326
-35.080 55.484
-34.972 55.691
-34.901 55.774
-34.877 55.848
-34.638 55.812
-34.620 55.939
-34.558 56.061
-34.510 56.210
-34.493 56.337
-34.460 56.436
-34.440 56.499
-34.346 56.502
-34.321 56.577
-34.247 56.659
-34.218 56.746
-34.072 56.739
-34.043 56.780
-34.004 56.827
-33.978 56.902
-33.796 56.883
-33.682 56.871
-33.587 56.875
-33.566 57.001
-33.535 57.088
-33.509 57.162
-33.497 57.264
-33.377 57.265
-33.203 57.285
-33.070 57.451
-33.010 57.548
-32.964 57.608
-32.918 57.667
-32.806 57.642
-32.708 57.773
-32.619 57.880
-32.492 57.957
-32.472 58.006
-32.280 57.998
-32.123 58.148
-31.983 58.249
-31.872 58.340
-31.800 58.397
-31.745 58.468
-31.556 58.447
-31.427 58.574
-31.303 58.690
-31.178 58.805
-31.039 58.892
-30.977 58.976
-30.791 58.941
-30.647 59.092
-30.453 59.238
-30.306 59.390
-30.163 59.529
-30.043 59.618
-29.850 59.751
-29.636 59.868
-29.507 59.969
>
-124.742 40.313
-125.450 40.354
-126.159 40.390
-126.869 40.422
-127.579 40.450
-127.579 40.539
-127.717 40.573
-127.639 41.081
-127.560 41.589
-127.446 41.555
-127.401 41.640
-127.241 41.692
-127.039 42.357
-126.627 43.014
-127.571 43.419
-128.528 43.818
-129.498 44.208
-130.480 44.589
-130.367 44.930
-130.069 45.285
-130.187 45.414
-129.936 45.736
-129.869 45.896
-130.073 45.943
-130.051 46.196
-129.917 46.229
-129.803 46.433
-129.572 46.402
-129.259 47.065
-128.938 47.727
-129.190 47.835
-128.940 48.324
-129.147 48.476
-128.919 48.869
-129.705 49.177
-130.501 49.479
-130.162 49.983
-130.300 50.055
-130.162 50.217
-130.329 50.298
-130.254 50.465
-130.753 50.908
-131.074 51.185
>
-112.321 28.125
-112.015 27.906
-111.711 27.694
-111.506 27.570
-111.382 27.497
-111.569 27.215
-111.373 27.105
-111.506 26.927
-111.228 26.723
-110.957 26.535
-110.758 26.416
-110.680 26.361
-110.778 26.225
-110.572 26.066
-110.291 25.889
-110.024 25.706
-109.872 25.607
-109.806 25.557
-110.007 25.339
-109.788 25.180
-109.591 25.016
-109.350 24.857
-109.178 24.735
-109.062 24.658
-109.276 24.396
-109.002 24.152
-108.806 23.984
-108.610 23.814
-108.439 23.674
-108.357 23.614
-108.651 23.241
-108.388 23.082
-108.010 22.986
>
-61.553 18.959
-60.753 19.208
-59.949 19.455
-59.131 19.325
-58.309 19.192
-57.493 19.052
-56.805 18.694
-56.118 18.258
-55.484 17.784
-54.853 17.309
-54.155 17.136
-53.460 16.956
-52.881 16.761
-52.304 16.567
-51.661 16.321
-51.024 16.073
-50.467 15.870
-49.803 15.983
-49.207 16.035
-48.515 16.013
-47.693 15.957
-47.398 15.804
>
-102.319 -0.015
-102.397 -0.503
-102.524 -1.283
-102.399 -1.283
-102.462 -1.533
-102.307 -1.596
-102.402 -1.907
-102.621 -1.906
-102.687 -2.436
-102.754 -2.934
-102.566 -2.936
-102.571 -3.435
-102.735 -4.056
-103.637 -3.951
-104.539 -3.844
-104.699 -4.152
-105.380 -4.078
-105.544 -4.569
-106.253 -4.494
-106.450 -5.043
-106.587 -5.624
-106.741 -5.620
-106.752 -6.019
-106.845 -6.016
-106.950 -6.443
-107.441 -6.367
-107.607 -6.759
-107.653 -7.186
-107.880 -7.514
-108.063 -8.240
-108.192 -8.357
-108.320 -9.145
-109.038 -9.035
-109.756 -8.925
-109.857 -9.677
-110.071 -9.665
-110.218 -10.080
-110.292 -10.802
-110.447 -10.822
-110.485 -11.394
-110.675 -11.472
-110.926 -11.968
-111.077 -12.742
-110.892 -12.755
-111.007 -13.411
-111.191 -13.396
-111.266 -13.541
-111.846 -13.465
-112.426 -13.386
-112.439 -13.865
-112.581 -14.062
-112.613 -14.718
-112.766 -14.704
-112.869 -15.248
-112.973 -15.792
-113.066 -16.351
-112.973 -16.361
-113.165 -16.670
-113.041 -16.683
-113.241 -17.052
-113.117 -17.065
-113.329 -17.521
-113.174 -17.538
-113.388 -17.994
-113.264 -18.008
-113.383 -18.444
-113.520 -18.758
-113.364 -18.777
-113.623 -19.285
-113.498 -19.301
-113.697 -19.968
-113.796 -20.321
-113.931 -20.574
-114.087 -20.599
-114.229 -21.121
-114.318 -21.564
-114.379 -21.627
>
-176.346 -14.634
-176.339 -14.780
>
-176.462 -15.419
-176.526 -15.489
>
-177.248 -15.710
-177.384 -15.807
-177.493 -15.899
-177.575 -15.961
-177.634 -16.024
>
-176.532 -17.574
-176.462 -17.731
-176.403 -17.873
-176.304 -18.055
-176.297 -18.131
-176.330 -18.267
-176.346 -18.307
-176.440 -18.472
-176.511 -18.600
-176.551 -18.685
-176.584 -18.768
-176.587 -18.836
-176.570 -18.975
-176.549 -19.217
-173.836 -14.534
-173.905 -14.629
-174.007 -14.767
-174.077 -14.895
-174.139 -15.015
-174.188 -15.133
-174.264 -15.314
-174.567 -15.250
>
-174.870 -15.880
-174.601 -15.936
-174.568 -16.052
-174.569 -16.201
-174.576 -16.354
>
-175.979 -19.386
-176.027 -19.651
-176.079 -19.814
-176.122 -19.884
-176.182 -20.106
-176.116 -20.129
-176.152 -20.265
-176.159 -20.423
-176.176 -20.494
-176.190 -20.655
-176.237 -20.796
-176.264 -20.891
-176.289 -21.000
-176.322 -21.113
-176.372 -21.301
-176.405 -21.487
-176.449 -21.601
-176.520 -21.812
-176.601 -22.007
-176.635 -22.231
-176.691 -22.286
-176.709 -22.500
-176.748 -22.735
-176.913 -23.048
>
-50.887 -60.094
-49.599 -60.044
-48.251 -59.968
-46.963 -59.960
-45.603 -60.091
>
29.731 35.427
29.389 35.728
29.137 35.970
>
111.569 17.955
112.098 18.038
112.628 18.121
113.313 18.280
114.000 18.438
>
-108.582 21.905
-108.676 21.960
-108.589 22.102
-108.516 22.201
-108.527 22.277
-108.407 22.440
-108.273 22.613
-108.582 21.905
-108.669 21.774
-108.784 21.643
-108.868 21.536
-108.936 21.451
-108.977 21.347
-108.809 21.253
-108.915 21.068
-109.013 20.949
-109.111 20.824
-109.194 20.739
-109.261 20.643
-109.285 20.558
-109.187 20.500
-109.215 20.397
-109.319 20.242
-109.378 20.176
-109.373 20.142
-109.450 20.027
-109.160 19.806
-108.903 19.625
-108.896 19.550
-108.534 19.384
-108.198 19.223
-108.233 19.107
-107.816 18.936
-107.523 18.863
-107.272 18.756
-107.002 18.647
-106.756 18.590
-106.527 18.544
-106.244 18.520
-106.281 18.281
-106.311 18.120
-106.318 18.016
-106.308 17.929
>
122.086 15.648
122.555 15.493
123.024 15.337
123.492 15.180
123.959 15.023
124.425 14.864
>
93.986 9.019
94.171 8.686
94.429 8.312
>
125.263 -0.446
124.857 -0.269
>
123.535 1.354
123.448 1.812
>
-15.716 69.550
-16.034 69.265
-16.263 69.038
-16.487 68.808
-17.154 68.865
-17.392 68.700
-17.829 68.400
-18.220 68.066
-18.490 67.738
-18.756 67.443
-19.099 67.058
-18.118 66.934
-18.247 66.781
-17.473 66.685
-17.718 66.365
-16.507 66.203
-16.656 65.943
-16.859 65.677
-17.025 65.379
-17.141 64.995
-17.368 64.737
-17.822 64.489
-18.626 64.182
-19.041 63.985
-19.238 63.862
-20.097 63.949
-20.731 64.017
-21.298 64.067
-22.066 63.922
-22.537 63.836
-22.872 63.767
-23.059 63.650
-23.330 63.651
-23.487 63.568
-23.740 63.474
-24.010 63.355
-24.255 63.230
-24.519 63.110
-24.721 62.992
-24.888 62.924
-25.035 62.800
-25.156 62.710
-25.311 62.614
-25.449 62.620
-25.643 62.503
-25.875 62.375
-26.107 62.237
-26.309 62.105
-26.527 61.939
-26.768 61.825
-27.032 61.665
-27.226 61.532
-27.389 61.398
-27.582 61.252
-27.854 61.066
-28.024 60.956
-28.192 60.848
-28.408 60.704
-28.642 60.566
-28.829 60.419
-28.927 60.333
-29.028 60.340
-29.118 60.273
-29.225 60.168
>
68.274 -6.811
69.007 -6.538
69.806 -6.445
70.292 -6.474
70.786 -6.502
71.313 -6.599
71.834 -6.696
72.355 -6.867
72.884 -7.038
73.392 -7.039
73.544 -6.191
73.704 -5.778
73.770 -4.927
73.883 -4.307
74.358 -4.411
74.833 -4.514
75.518 -4.776
76.203 -5.038
76.779 -5.046
>
162.963 -50.369
162.785 -50.443
162.594 -50.549
162.453 -50.668
162.273 -50.817
162.049 -50.962
161.825 -51.118
161.716 -51.192
161.542 -51.399
161.368 -51.542
161.162 -51.751
161.026 -51.924
160.762 -52.166
160.671 -52.292
160.535 -52.433
160.342 -52.634
160.092 -52.822
159.905 -52.991
159.731 -53.170
159.512 -53.345
159.318 -53.598
>
159.142 -53.812
158.985 -54.088
158.885 -54.308
158.740 -54.559
>
158.465 -55.522
158.332 -55.779
158.226 -56.022
158.153 -56.165
158.042 -56.311
157.944 -56.438
157.823 -56.725
157.703 -56.992
157.640 -57.230
>
121.779 24.255
122.140 23.949
>
133.989 6.333
133.674 6.156
133.429 5.962
133.308 5.734
133.240 5.349
133.189 5.016
133.032 4.788
132.911 4.454
132.790 4.120
132.740 3.698
132.795 3.312
132.850 2.908
132.817 2.539
132.766 2.257
132.734 1.728
132.720 1.165
132.651 0.812
>
138.359 9.379
139.192 9.065
139.886 8.866
140.579 8.666
141.048 8.392
141.517 8.118
142.262 7.611
142.666 7.388
143.070 7.166
143.558 6.805
144.026 6.677
144.664 6.611
145.067 6.503
145.471 6.353
146.001 6.160
146.382 5.883
146.730 5.511
147.078 5.138
147.425 4.765
147.772 4.393
148.191 3.776
>
148.863 0.937
>
154.256 -3.612
>
154.955 -4.550
154.992 -4.887
>
145.399 -3.485
146.110 -3.471
>
148.499 -3.222
148.675 -3.306
148.878 -3.395
149.089 -3.466
149.295 -3.522
149.453 -3.544
149.603 -3.570
149.717 -3.580
149.773 -3.592
>
149.817 -3.617
149.913 -3.491
150.034 -3.372
150.135 -3.274
150.249 -3.202
150.352 -3.141
150.436 -3.093
150.509 -3.061
>
149.938 -3.724
150.027 -3.752
150.121 -3.790
150.192 -3.829
150.226 -3.874
150.240 -3.903
150.320 -3.881
150.447 -3.857
150.552 -3.839
150.678 -3.818
150.793 -3.775
150.909 -3.724
150.987 -3.692
151.095 -3.806
151.222 -3.737
151.301 -3.656
151.375 -3.706
>
153.193 -5.018
153.403 -5.361
153.614 -5.704
153.823 -6.046
>
155.454 -7.489
155.262 -7.629
154.872 -7.962
154.481 -8.296
>
151.834 -9.761
151.838 -9.906
151.918 -9.930
152.024 -9.942
152.086 -9.944
152.214 -9.945
152.223 -10.039
152.413 -10.047
152.547 -10.056
152.651 -10.078
152.849 -10.088
152.855 -10.384
153.174 -10.398
153.362 -10.398
153.552 -10.355
153.752 -10.345
153.847 -10.325
154.010 -10.341
154.125 -10.331
154.169 -10.323
154.219 -10.279
154.218 -9.913
154.379 -9.872
154.596 -9.811
154.719 -9.763
154.849 -9.723
154.856 -9.839
154.951 -9.835
155.070 -9.795
155.172 -9.730
155.172 -9.621
155.291 -9.556
155.347 -9.532
155.436 -9.493
155.473 -9.568
155.577 -9.531
155.599 -9.581
155.708 -9.548
155.797 -9.526
155.813 -9.572
155.908 -9.555
155.979 -9.548
155.989 -9.558
156.086 -9.538
156.066 -9.405
156.124 -9.381
156.101 -9.268
156.258 -9.225
156.350 -9.206
156.428 -9.179
156.390 -8.809
156.361 -8.598
156.331 -8.385
>
143.097 11.569
143.082 11.792
143.106 12.030
143.143 12.265
143.239 12.478
143.403 12.695
143.510 12.822
143.662 13.058
143.771 13.268
143.871 13.541
143.903 13.623
143.942 13.811
143.976 14.087
144.082 14.639
144.216 14.656
144.334 14.884
144.530 14.917
144.453 15.526
144.799 15.653
144.792 16.123
144.841 16.478
144.798 16.979
144.671 17.420
144.970 17.535
144.773 17.830
144.706 18.020
144.663 18.166
144.626 18.359
144.601 18.756
144.543 19.073
144.527 19.123
144.252 19.725
144.137 19.753
144.083 19.858
143.970 20.111
143.842 20.418
143.575 20.397
143.493 20.532
143.392 20.728
143.281 20.962
143.321 21.061
143.280 21.320
143.218 21.659
143.150 21.928
142.997 22.139
142.774 22.377
142.560 22.662
142.257 23.009
142.886 23.701
>
172.571 -13.411
172.434 -13.435
172.300 -13.481
172.163 -13.569
171.972 -13.678
171.619 -13.750
171.296 -13.793
171.295 -14.066
171.181 -14.083
170.945 -14.093
170.642 -14.088
170.638 -13.942
170.150 -13.974
169.739 -13.953
169.739 -13.824
169.622 -13.808
169.456 -13.811
169.231 -13.800
169.234 -13.651
169.026 -13.639
168.792 -13.630
168.577 -13.602
168.596 -13.514
168.159 -13.515
167.157 -13.649
>
173.901 -16.849
173.880 -17.163
173.744 -17.490
173.660 -17.680
173.550 -17.962
173.409 -18.238
173.251 -18.532
173.425 -18.520
173.447 -18.774
173.453 -18.999
173.439 -19.221
173.429 -19.430
173.398 -19.662
173.360 -19.890
173.335 -20.086
173.351 -20.377
173.384 -20.625
173.380 -20.837
173.383 -20.995
173.379 -21.140
174.119 -21.148
174.115 -21.357
174.112 -21.578
174.090 -21.841
174.056 -22.236
172.439 -23.178
172.783 -23.069
173.040 -23.007
173.212 -22.834
173.606 -22.835
>
172.571 -13.411
172.740 -13.693
172.881 -13.965
173.019 -14.294
173.139 -14.510
173.178 -14.669
173.210 -14.770
173.259 -14.897
173.294 -14.993
173.320 -15.081
173.346 -15.154
173.359 -15.234
173.388 -15.361
173.428 -15.437
173.464 -15.504
173.516 -15.567
173.539 -15.605
173.555 -15.697
173.400 -15.779
173.485 -15.922
173.531 -16.027
173.567 -16.151
173.455 -16.258
173.593 -16.497
173.669 -16.614
173.718 -16.713
173.788 -16.798
173.901 -16.849
174.503 -16.563
174.885 -16.873
175.107 -16.748
175.226 -16.741
175.381 -16.629
175.487 -16.622
175.612 -16.586
175.893 -16.558
176.184 -16.552
176.179 -16.670
176.148 -16.816
176.106 -16.965
176.065 -17.090
176.036 -17.239
175.986 -17.541
175.973 -17.804
176.336 -17.823
176.342 -18.038
176.300 -18.140
176.244 -18.243
176.215 -18.319
176.212 -18.611
176.136 -18.732
176.061 -18.895
175.975 -19.022
175.922 -19.080
175.900 -19.162
175.885 -19.327
175.839 -19.445
175.772 -19.547
175.559 -19.755
175.574 -19.976
175.590 -20.189
175.828 -20.629
176.121 -21.166
175.733 -21.422
175.231 -21.750
174.584 -22.170
>
176.184 -16.552
176.377 -16.569
176.545 -16.557
176.671 -16.553
176.790 -16.545
176.883 -16.544
176.949 -16.524
177.035 -16.516
177.130 -16.505
177.190 -16.504
177.269 -16.506
177.412 -16.510
177.414 -16.301
177.345 -16.302
177.400 -16.212
177.588 -16.225
177.721 -16.229
177.806 -16.227
177.876 -16.222
178.007 -16.172
178.086 -16.149
178.171 -16.115
178.283 -16.110
178.402 -16.104
178.491 -16.092
178.524 -15.984
178.562 -15.897
178.936 -15.812
179.332 -15.729
>
173.671 -13.517
173.941 -13.295
174.482 -13.396
174.661 -13.415
174.784 -13.395
174.898 -13.335
175.314 -13.244
175.659 -13.326
175.947 -13.422
176.021 -13.643
176.256 -13.672
176.618 -13.731
176.966 -13.853
177.167 -13.948
177.417 -14.055
178.029 -14.309
178.469 -14.501
179.012 -14.784
179.389 -14.975
179.790 -15.218
-179.739 -15.542
-179.444 -15.527
>
-178.768 -14.230
-178.888 -14.224
-179.048 -14.927
-179.288 -14.936
>
-114.421 -22.115
-114.505 -22.196
-114.498 -22.543
-114.567 -23.024
-114.875 -23.040
-114.962 -23.179
-115.183 -23.237
-115.254 -23.397
-115.599 -23.468
-115.424 -23.884
-115.402 -24.017
-115.482 -24.105
-115.912 -24.242
-115.968 -24.383
-116.184 -24.458
-116.225 -24.556
-116.099 -24.847
-116.490 -25.172
-116.353 -25.416
-116.028 -25.674
-115.769 -25.968
-115.518 -26.243
-115.291 -26.466
-115.105 -26.604
-114.526 -26.725
-113.944 -26.790
-113.608 -26.809
-112.976 -26.830
-112.947 -26.724
-112.684 -26.801
-112.658 -26.554
-112.683 -26.282
-112.672 -26.038
-112.620 -25.934
-112.550 -25.926
-112.541 -25.787
-112.455 -25.786
-112.437 -25.683
-112.364 -25.664
-112.366 -25.564
-112.388 -25.429
-112.443 -25.198
-112.453 -25.059
-111.978 -25.027
-111.977 -24.891
-112.048 -24.659
-112.103 -24.448
-112.123 -24.222
-112.098 -24.110
-111.713 -24.032
-111.763 -23.860
-111.832 -23.728
-111.864 -23.475
-111.871 -23.327
-111.741 -23.209
-111.924 -23.016
-112.208 -22.821
-112.575 -22.619
>
-112.023 -31.536
-112.041 -31.774
-112.063 -31.948
-112.065 -32.114
>
-112.356 -32.328
-112.415 -32.489
-112.418 -32.794
-112.442 -33.112
-112.460 -33.399
>
-112.604 -33.663
-112.628 -33.999
-112.562 -34.300
-112.417 -34.556
-112.187 -34.674
-111.756 -34.811
-111.399 -34.912
-111.126 -34.995
-110.827 -35.091
-110.527 -35.061
-110.326 -34.946
-110.141 -34.817
-109.919 -34.702
-109.691 -34.609
-109.259 -34.545
-109.277 -34.204
-109.270 -33.917
-109.205 -33.702
-109.323 -33.392
-109.410 -33.140
-109.183 -33.020
-108.972 -32.937
-109.206 -32.661
-109.435 -32.400
-109.791 -32.115
-110.210 -31.920
-110.687 -31.715
-111.202 -31.564
-111.660 -31.556
-112.976 -26.830
-113.112 -27.014
-113.129 -27.273
-113.133 -27.577
-113.001 -27.607
-112.971 -27.850
-112.955 -28.129
-112.934 -28.379
-113.010 -28.383
-113.021 -28.549
-113.020 -28.787
-112.956 -29.009
-112.367 -29.160
-111.806 -29.266
-111.749 -29.579
-111.773 -30.025
-111.775 -30.187
-111.797 -30.425
-111.851 -30.624
-111.885 -30.666
-111.951 -31.045
-111.978 -31.386
-111.964 -31.390
>
-102.068 2.635
-102.082 2.574
-102.077 2.502
-102.085 2.486
-102.085 2.412
-102.090 2.391
-102.088 2.327
-102.080 2.308
-102.075 2.161
-102.067 2.137
-102.075 2.024
-102.076 1.972
-102.088 1.903
-102.104 1.904
-102.133 1.778
-102.262 1.752
-102.230 1.541
-102.257 1.528
-102.222 1.361
-102.243 1.349
-102.203 1.221
-102.223 1.214
-102.181 1.134
-102.082 1.206
-101.959 1.269
-101.825 1.334
-101.644 1.404
-101.580 1.318
-101.487 1.389
-101.423 1.338
-101.348 1.399
-101.315 1.350
-101.195 1.423
-101.153 1.386
-101.047 1.471
-101.074 1.514
-100.964 1.655
-100.973 1.679
-100.908 1.743
>
-101.512 2.232
-101.490 2.605
-101.697 2.640
-101.878 2.642
-102.068 2.635
-102.109 2.786
-102.096 2.798
-102.118 2.893
-102.145 2.889
-102.193 3.072
-102.181 1.134
-102.240 0.713
-102.210 0.706
-102.253 0.372
-102.294 0.157
-101.512 2.232
-101.203 2.241
-101.196 2.199
-101.067 2.210
-100.644 2.204
-100.394 2.207
-100.066 2.207
-100.047 2.300
-99.913 2.272
-99.811 2.273
>
-29.489 -55.033
-30.906 -54.822
-32.367 -54.585
-33.734 -54.460
-33.355 -54.860
-33.058 -55.458
>
-49.163 -52.664
-50.671 -52.710
-52.176 -52.873
-53.382 -53.209
-54.741 -53.406
-55.597 -53.530
>
-29.489 -55.033
-29.715 -55.204
-29.815 -55.327
-29.794 -55.501
-29.773 -55.605
-29.817 -55.683
-30.316 -55.754
-30.326 -55.863
-30.334 -55.949
-30.332 -56.052
-30.325 -56.134
-30.334 -56.290
-30.378 -56.443
-30.721 -56.449
-30.727 -56.511
-30.743 -56.570
-30.743 -56.859
-30.469 -56.851
-30.380 -57.094
-30.129 -57.095
-30.069 -57.599
-29.852 -57.598
-29.844 -58.262
-30.007 -58.272
-29.951 -58.805
-29.563 -58.817
-29.555 -59.514
-30.108 -59.515
-30.031 -59.937
-29.881 -60.174
-29.598 -60.435
-28.677 -60.459
-27.705 -60.467
-27.697 -60.617
-26.889 -60.506
>
-44.226 -60.243
-43.151 -60.376
-42.067 -60.501
-41.214 -60.975
-39.827 -60.634
-39.093 -61.018
-37.561 -61.243
-36.418 -61.392
-34.825 -60.989
>
-29.738 -60.575
-28.743 -60.601
>
62.132 22.083
62.502 22.385
62.877 22.683
63.631 23.201
64.275 23.694
64.651 24.038
>
59.909 15.572
59.642 15.242
59.410 14.895
59.034 15.088
58.589 14.646
58.213 14.916
57.984 14.599
57.476 14.662
57.001 14.660
56.265 14.623
56.208 14.643
56.179 14.621
56.057 14.641
55.822 14.692
55.668 14.722
55.631 14.681
55.480 14.729
55.278 14.788
55.108 14.851
55.047 14.712
54.958 14.727
54.731 14.801
54.549 14.870
54.511 14.760
54.451 14.621
54.387 14.640
54.332 14.671
54.287 14.681
54.249 14.691
54.193 14.710
54.149 14.733
54.069 14.772
54.018 14.657
53.929 14.489
53.862 14.351
53.818 14.361
53.579 14.441
53.358 14.512
53.220 14.562
53.211 14.538
53.122 14.559
52.907 14.622
52.737 14.681
52.667 14.561
52.547 14.597
52.299 14.663
52.139 14.689
51.940 14.353
51.763 14.028
51.570 13.667
51.449 13.458
51.343 13.272
51.253 13.122
51.079 13.192
50.842 13.279
50.661 13.362
50.573 13.218
50.429 13.273
50.310 13.313
50.252 13.229
50.167 13.123
50.061 13.167
49.849 13.251
49.680 13.313
49.593 13.169
49.472 13.008
49.430 13.042
49.349 12.897
49.278 12.802
49.070 12.853
48.882 12.908
48.803 12.770
48.699 12.658
48.567 12.691
48.448 12.729
48.349 12.573
48.268 12.602
48.142 12.641
48.048 12.671
47.991 12.581
47.901 12.461
47.788 12.492
47.649 12.519
47.588 12.441
47.539 12.369
47.319 12.430
47.161 12.463
47.130 12.359
47.049 12.388
46.992 12.403
46.930 12.300
46.849 12.211
46.717 12.248
46.579 12.292
46.511 12.202
46.429 12.087
46.311 12.142
46.198 12.172
46.150 12.112
46.110 12.058
45.851 12.100
45.650 12.152
45.637 12.159
45.602 12.073
45.522 11.983
45.428 12.018
45.328 12.052
45.281 11.998
45.097 11.999
44.913 12.012
44.882 12.019
44.780 12.022
44.513 12.013
44.049 12.008
>
33.474 -34.173
32.690 -33.595
31.917 -33.012
31.153 -32.425
