> -W1p,blue,-
0.000000000000000000e+00 1.000000000000000000e+00
4.997501249375313264e-04 1.002229117742581721e+00
9.990009990009992170e-04 1.004458007890594917e+00
1.497753369945082269e-03 1.006686667673153623e+00
1.996007984031935960e-03 1.008915094335233187e+00
2.493765586034913089e-03 1.011143285137566128e+00
2.991026919242273374e-03 1.013371237356542887e+00
3.487792725460886652e-03 1.015598948284107905e+00
3.984063745019920250e-03 1.017826415227661485e+00
4.479840716774515300e-03 1.020053635509957424e+00
4.975124378109453509e-03 1.022280606469007092e+00
5.469915464942813957e-03 1.024507325457979734e+00
5.964214711729622087e-03 1.026733789845106104e+00
6.458022851465475278e-03 1.028959997013580541e+00
6.951340615690169283e-03 1.031185944361466600e+00
7.444168734491314263e-03 1.033411629301601797e+00
7.936507936507936067e-03 1.035637049261501685e+00
8.428358948934061914e-03 1.037862201683269481e+00
8.919722497522300855e-03 1.040087084023499253e+00
9.410599306587419041e-03 1.042311693753187329e+00
9.900990099009901110e-03 1.044536028357639257e+00
1.039089559623948729e-02 1.046760085336379653e+00
1.088031651829871396e-02 1.048983862203060280e+00
1.136925358378645425e-02 1.051207356485374333e+00
1.185770750988142386e-02 1.053430565724963408e+00
1.234567901234568006e-02 1.055653487477334673e+00
1.283316880552813621e-02 1.057876119311768948e+00
1.332017760236803121e-02 1.060098458811236100e+00
1.380670611439842148e-02 1.062320503572310004e+00
1.429275505174963136e-02 1.064542251205080614e+00
1.477832512315271039e-02 1.066763699333073356e+00
1.526341703594288370e-02 1.068984845593160316e+00
1.574803149606299191e-02 1.071205687635480297e+00
1.623216920806689820e-02 1.073426223123355783e+00
1.671583087512291260e-02 1.075646449733208998e+00
1.719901719901719903e-02 1.077866365154482198e+00
1.768172888015717356e-02 1.080085967089555954e+00
1.816396661757486639e-02 1.082305253253669663e+00
1.864573110893032529e-02 1.084524221374840725e+00
1.912702305051495674e-02 1.086742869193786598e+00
1.960784313725490169e-02 1.088961194463845317e+00
2.008819206271435578e-02 1.091179194950899545e+00
2.056807051909892436e-02 1.093396868433296198e+00
2.104747919725893229e-02 1.095614212701773171e+00
2.152641878669275810e-02 1.097831225559380508e+00
2.200488997555012302e-02 1.100047904821406464e+00
2.248289345063538697e-02 1.102264248315302231e+00
2.296042989741084450e-02 1.104480253880605778e+00
2.343750000000000000e-02 1.106695919368871017e+00
2.391410444119082546e-02 1.108911242643591866e+00
2.439024390243902871e-02 1.111126221580131634e+00
2.486591906387128348e-02 1.113340854065647534e+00
2.534113060428850109e-02 1.115555137999023616e+00
2.581587920116902232e-02 1.117769071290795502e+00
2.629016553067186138e-02 1.119982651863081102e+00
2.676399026763990122e-02 1.122195877649511120e+00
2.723735408560311322e-02 1.124408746595159103e+00
2.771025765678172131e-02 1.126621256656471282e+00
2.818270165208941122e-02 1.128833405801199508e+00
2.865468674113647377e-02 1.131045192008332867e+00
2.912621359223300718e-02 1.133256613268028179e+00
2.959728287239204308e-02 1.135467667581546269e+00
3.006789524733268978e-02 1.137678352961182027e+00
3.053805138148327561e-02 1.139888667430200675e+00
3.100775193798449569e-02 1.142098609022770273e+00
3.147699757869249632e-02 1.144308175783897763e+00
3.194578896418200087e-02 1.146517365769364805e+00
3.241412675374939767e-02 1.148726177045662045e+00
3.288201160541585899e-02 1.150934607689924727e+00
3.334944417593040805e-02 1.153142655789872961e+00
3.381642512077295132e-02 1.155350319443745111e+00
3.428295509415741488e-02 1.157557596760237173e+00
3.474903474903474898e-02 1.159764485858439942e+00
3.521466473709599504e-02 1.161970984867779721e+00
3.567984570877531098e-02 1.164177091927953711e+00
3.614457831325301046e-02 1.166382805188872496e+00
3.660886319845857440e-02 1.168588122810597874e+00
3.707270101107366239e-02 1.170793042963284680e+00
3.753609239653513119e-02 1.172997563827120171e+00
3.799903799903799756e-02 1.175201683592266289e+00
3.846153846153846367e-02 1.177405400458799045e+00
3.892359442575685224e-02 1.179608712636653234e+00
3.938520653218059719e-02 1.181811618345563586e+00
3.984637542006720656e-02 1.184014115815006818e+00
4.030710172744721848e-02 1.186216203284145232e+00
4.076738609112710160e-02 1.188417879001770761e+00
4.122722914669223887e-02 1.190619141226249011e+00
4.168663152850982101e-02 1.192819988225462424e+00
4.214559386973179556e-02 1.195020418276755647e+00
4.260411680229774650e-02 1.197220429666882691e+00
4.306220095693780170e-02 1.199420020691948086e+00
4.351984696317550555e-02 1.201619189657357367e+00
4.397705544933078192e-02 1.203817934877760232e+00
4.443382704252269583e-02 1.206016254676998578e+00
4.489016236867240245e-02 1.208214147388053661e+00
4.534606205250596433e-02 1.210411611352992134e+00
4.580152671755725186e-02 1.212608644922916312e+00
4.625655698617071876e-02 1.214805246457909105e+00
4.671115347950429569e-02 1.217001414326984943e+00
4.716531681753215882e-02 1.219197146908038931e+00
4.761904761904761640e-02 1.221392442587793337e+00
4.807234650166587742e-02 1.223587299761750069e+00
4.852521408182684098e-02 1.225781716834138946e+00
4.897765097479790664e-02 1.227975692217869064e+00
4.942965779467680537e-02 1.230169224334477063e+00
4.988123515439429889e-02 1.232362311614081607e+00
5.033238366571700373e-02 1.234554952495332092e+00
5.078310393925011129e-02 1.236747145425361571e+00
5.123339658444022587e-02 1.238938888859736576e+00
5.168326220957800143e-02 1.241130181262413812e+00
5.213270142180095185e-02 1.243321021105686874e+00
5.258171482709615707e-02 1.245511406870144056e+00
5.303030303030303177e-02 1.247701337044619940e+00
5.347846663511594822e-02 1.249890810126147889e+00
5.392620624408704655e-02 1.252079824619915405e+00
5.437352245862883682e-02 1.254268379039218173e+00
5.482041587901701624e-02 1.256456471905413874e+00
5.526688710439301572e-02 1.258644101747877553e+00
5.571293673276676850e-02 1.260831267103956099e+00
5.615856536101934693e-02 1.263017966518925173e+00
5.660377358490565475e-02 1.265204198545943459e+00
5.704856199905705000e-02 1.267389961746009375e+00
5.749293119698398180e-02 1.269575254687916432e+00
5.793688177107865489e-02 1.271760075948213053e+00
5.838041431261770109e-02 1.273944424111153495e+00
5.882352941176470507e-02 1.276128297768662323e+00
5.926622765757291050e-02 1.278311695520286451e+00
5.970850963798778055e-02 1.280494615973154948e+00
6.015037593984962072e-02 1.282677057741937521e+00
6.059182714889619487e-02 1.284859019448802320e+00
6.103286384976526480e-02 1.287040499723373088e+00
6.147348662599717850e-02 1.289221497202692746e+00
6.191369606003752080e-02 1.291402010531175648e+00
6.235349273323956970e-02 1.293582038360573394e+00
6.279287722586691933e-02 1.295761579349931303e+00
6.323185011709603343e-02 1.297940632165548669e+00
6.367041198501872945e-02 1.300119195480939238e+00
6.410856340664483621e-02 1.302297267976793682e+00
6.454630495790458777e-02 1.304474848340935411e+00
6.498363721365123247e-02 1.306651935268288156e+00
6.542056074766355867e-02 1.308828527460832003e+00
6.585707613264829563e-02 1.311004623627566978e+00
6.629318394024277805e-02 1.313180222484475523e+00
6.672888474101727752e-02 1.315355322754482525e+00
6.716417910447761153e-02 1.317529923167420680e+00
6.759906759906759988e-02 1.319704022459989856e+00
6.803355079217147938e-02 1.321877619375722013e+00
6.846762925011644352e-02 1.324050712664943452e+00
6.890130353817504327e-02 1.326223301084737738e+00
6.933457422056769903e-02 1.328395383398909724e+00
6.976744186046511531e-02 1.330566958377949804e+00
7.019990701999070937e-02 1.332738024798997278e+00
7.063197026022303981e-02 1.334908581445804820e+00
7.106363214119833238e-02 1.337078627108702289e+00
7.149489322191272811e-02 1.339248160584562530e+00
7.192575406032483687e-02 1.341417180676765186e+00
7.235621521335806883e-02 1.343585686195163387e+00
7.278627723690310469e-02 1.345753675956047557e+00
7.321594068582021331e-02 1.347921148782111000e+00
7.364520611394165250e-02 1.350088103502417702e+00
7.407407407407406996e-02 1.352254538952366580e+00
7.450254511800093182e-02 1.354420453973657734e+00
7.493061979648474313e-02 1.356585847414259360e+00
7.535829865926954585e-02 1.358750718128374668e+00
7.578558225508318091e-02 1.360915064976410571e+00
7.621247113163973075e-02 1.363078886824939051e+00
7.663896583564173970e-02 1.365242182546672067e+00
7.706506691278265653e-02 1.367404951020422033e+00
7.749077490774908261e-02 1.369567191131076500e+00
7.791609036422314505e-02 1.371728901769559306e+00
7.834101382488480037e-02 1.373890081832803478e+00
7.876554583141411048e-02 1.376050730223717933e+00
7.918968692449356028e-02 1.378210845851155497e+00
7.961343764381040300e-02 1.380370427629884045e+00
8.003679852805888062e-02 1.382529474480551634e+00
8.045977011494254150e-02 1.384687985329659199e+00
8.088235294117646079e-02 1.386845959109527682e+00
8.130454754248965521e-02 1.389003394758269394e+00
8.172635445362717854e-02 1.391160291219755374e+00
8.214777420835245314e-02 1.393316647443587852e+00
8.256880733944953199e-02 1.395472462385069168e+00
8.298945437872534692e-02 1.397627735005171790e+00
8.340971585701191515e-02 1.399782464270508564e+00
8.382959230416857366e-02 1.401936649153305625e+00
8.424908424908424120e-02 1.404090288631369532e+00
8.466819221967962494e-02 1.406243381688061733e+00
8.508691674290942697e-02 1.408395927312269258e+00
8.550525834476452314e-02 1.410547924498372518e+00
8.592321755027421126e-02 1.412699372246222884e+00
8.634079488350844545e-02 1.414850269561109153e+00
8.675799086757991774e-02 1.417000615453732459e+00
8.717480602464629247e-02 1.419150408940177854e+00
8.759124087591239893e-02 1.421299649041885660e+00
8.800729594163246572e-02 1.423448334785623937e+00
8.842297174111213298e-02 1.425596465203463392e+00
8.883826879271071453e-02 1.427744039332747628e+00
8.925318761384334887e-02 1.429891056216065159e+00
8.966772872098316416e-02 1.432037514901228104e+00
9.008189262966333211e-02 1.434183414441238646e+00
9.049567985447931617e-02 1.436328753894266841e+00
9.090909090909091161e-02 1.438473532323622850e+00
9.132212630622445204e-02 1.440617748797730968e+00
9.173478655767484946e-02 1.442761402390102754e+00
9.214707217430777308e-02 1.444904492179312827e+00
9.255898366606170324e-02 1.447047017248970668e+00
9.297052154195012408e-02 1.449188976687699304e+00
9.338168631006346643e-02 1.451330369589103775e+00
9.379247847757138379e-02 1.453471195051751819e+00
9.420289855072463969e-02 1.455611452179144116e+00
9.461294703485739754e-02 1.457751140079692753e+00
9.502262443438913575e-02 1.459890257866694796e+00
9.543193125282678491e-02 1.462028804658306980e+00
9.584086799276671231e-02 1.464166779577523725e+00
9.624943515589697018e-02 1.466304181752149161e+00
9.665763324299909975e-02 1.468441010314775808e+00
9.706546275395033785e-02 1.470577264402759932e+00
9.747292418772562916e-02 1.472712943158197119e+00
9.788001804239963854e-02 1.474848045727897849e+00
9.828674481514877714e-02 1.476982571263366184e+00
9.869310500225327021e-02 1.479116518920773116e+00
9.909909909909908610e-02 1.481249887860935699e+00
9.950472760018010121e-02 1.483382677249292625e+00
9.990999099909991799e-02 1.485514886255881795e+00
1.003148897885740021e-01 1.487646514055317892e+00
1.007194244604316530e-01 1.489777559826767739e+00
1.011235955056179747e-01 1.491908022753928753e+00
1.015274034141958742e-01 1.494037902025005859e+00
1.019308486753480042e-01 1.496167196832691282e+00
1.023339317773788032e-01 1.498295906374139896e+00
1.027366532077164663e-01 1.500424029850946805e+00
1.031390134529148045e-01 1.502551566469128463e+00
1.035410129986553268e-01 1.504678515439096032e+00
1.039426523297490995e-01 1.506804875975638947e+00
1.043439319301388279e-01 1.508930647297898275e+00
1.047448522829006329e-01 1.511055828629350950e+00
1.051454138702460905e-01 1.513180419197781124e+00
1.055456171735241477e-01 1.515304418235266404e+00
1.059454626732230648e-01 1.517427824978151207e+00
1.063449508489723028e-01 1.519550638667028553e+00
1.067440821795444528e-01 1.521672858546718521e+00
1.071428571428571230e-01 1.523794483866247607e+00
1.075412762159750069e-01 1.525915513878828511e+00
1.079393398751115063e-01 1.528035947841838382e+00
1.083370485956308554e-01 1.530155785016799275e+00
1.087344028520499245e-01 1.532275024669359276e+00
1.091314031180400795e-01 1.534393666069268969e+00
1.095280498664292085e-01 1.536511708490364558e+00
1.099243435692033866e-01 1.538629151210547885e+00
1.103202846975088885e-01 1.540745993511762002e+00
1.107158737216540623e-01 1.542862234679981182e+00
1.111111111111111049e-01 1.544977874005178275e+00
1.115059973345179922e-01 1.547092910781317832e+00
1.119005328596802962e-01 1.549207344306328560e+00
1.122947181535730032e-01 1.551321173882087123e+00
1.126885536823424988e-01 1.553434398814400375e+00
1.130820399113082048e-01 1.555547018412982263e+00
1.134751773049645363e-01 1.557659031991438514e+00
1.138679663269827197e-01 1.559770438867247755e+00
1.142604074402125830e-01 1.561881238361740198e+00
1.146525011066843874e-01 1.563991429800082100e+00
1.150442477876106318e-01 1.566101012511255108e+00
1.154356479433878840e-01 1.568209985828038056e+00
1.158267020335985859e-01 1.570318349086991638e+00
1.162174105170128285e-01 1.572426101628435990e+00
1.166077738515901019e-01 1.574533242796435584e+00
1.169977924944812370e-01 1.576639771938780354e+00
1.173874669020300160e-01 1.578745688406967718e+00
1.177767975297750458e-01 1.580850991556186136e+00
1.181657848324515203e-01 1.582955680745294691e+00
1.185544292639929553e-01 1.585059755336808207e+00
1.189427312775330481e-01 1.587163214696880376e+00
1.193306913254073287e-01 1.589266058195281772e+00
1.197183098591549227e-01 1.591368285205389199e+00
1.201055873295204662e-01 1.593469895104162593e+00
1.204925241864555907e-01 1.595570887272133032e+00
1.208791208791208938e-01 1.597671261093380979e+00
1.212653778558875489e-01 1.599771015955522957e+00
1.216512955643390403e-01 1.601870151249693119e+00
1.220368744512730502e-01 1.603968666370529039e+00
1.224221149627029576e-01 1.606066560716151725e+00
1.228070175438596423e-01 1.608163833688148969e+00
1.231915826391933450e-01 1.610260484691564908e+00
1.235758106923751237e-01 1.612356513134876268e+00
1.239597021462987420e-01 1.614451918429980815e+00
1.243432574430823334e-01 1.616546699992178038e+00
1.247264770240700260e-01 1.618640857240159825e+00
1.251093613298337737e-01 1.620734389595983149e+00
1.254919108001749106e-01 1.622827296485065185e+00
1.258741258741258862e-01 1.624919577336162213e+00
1.262560069899519299e-01 1.627011231581354522e+00
1.266375545851528284e-01 1.629102258656031976e+00
1.270187690964644234e-01 1.631192657998877138e+00
1.273996509598603888e-01 1.633282429051850171e+00
1.277802006105538402e-01 1.635371571260175738e+00
1.281604184829991111e-01 1.637460084072323463e+00
1.285403050108932521e-01 1.639547966939997048e+00
1.289198606271776959e-01 1.641635219318116734e+00
1.292990857640400337e-01 1.643721840664806644e+00
1.296779808529155698e-01 1.645807830441375241e+00
1.300565463244889031e-01 1.647893188112305562e+00
1.304347826086956486e-01 1.649977913145238118e+00
1.308126901347240190e-01 1.652062005010957124e+00
1.311902693310164902e-01 1.654145463183374520e+00
1.315675206252713836e-01 1.656228287139517308e+00
1.319444444444444475e-01 1.658310476359511121e+00
1.323210412147505233e-01 1.660392030326568680e+00
1.326973113616652100e-01 1.662472948526971361e+00
1.330732553099263082e-01 1.664553230450060317e+00
1.334488734835355406e-01 1.666632875588217821e+00
1.338241663057600506e-01 1.668711883436855503e+00
1.341991341991342068e-01 1.670790253494399025e+00
1.345737775854608520e-01 1.672867985262277646e+00
1.349480968858131624e-01 1.674945078244905350e+00
1.353220925205360914e-01 1.677021531949669964e+00
1.356957649092480622e-01 1.679097345886921833e+00
1.360691144708423284e-01 1.681172519569953394e+00
1.364421416234887774e-01 1.683247052514993847e+00
1.368148467846352911e-01 1.685320944241188945e+00
1.371872303710094942e-01 1.687394194270593228e+00
1.375592927986201142e-01 1.689466802128151812e+00
1.379310344827586465e-01 1.691538767341690841e+00
1.383024558380008540e-01 1.693610089441901279e+00
1.386735572782084314e-01 1.695680767962329138e+00
1.390443392165303660e-01 1.697750802439360385e+00
1.394148020654044917e-01 1.699820192412208719e+00
1.397849462365591267e-01 1.701888937422902037e+00
1.401547721410146274e-01 1.703957037016269327e+00
1.405242801890846660e-01 1.706024490739930455e+00
1.408934707903780337e-01 1.708091298144279957e+00
1.412623443537999179e-01 1.710157458782478379e+00
1.416309012875536510e-01 1.712222972210435623e+00
1.419991419991420145e-01 1.714287837986800955e+00
1.423670668953687934e-01 1.716352055672952348e+00
1.427346763823403308e-01 1.718415624832978272e+00
1.431019708654670264e-01 1.720478545033673257e+00
1.434689507494646687e-01 1.722540815844518347e+00
1.438356164383561842e-01 1.724602436837673558e+00
1.442019683354728299e-01 1.726663407587964771e+00
1.445680068434559429e-01 1.728723727672871524e+00
1.449337323642582442e-01 1.730783396672514352e+00
1.452991452991453103e-01 1.732842414169644352e+00
1.456642460486971269e-01 1.734900779749630528e+00
1.460290350128095604e-01 1.736958493000447801e+00
1.463935125906956902e-01 1.739015553512665901e+00
1.467576791808873904e-01 1.741071960879438052e+00
1.471215351812366623e-01 1.743127714696488750e+00
1.474850809889172998e-01 1.745182814562101115e+00
1.478483170004260827e-01 1.747237260077108223e+00
> -W1p,0/125/0,-
0.000000000000000000e+00 1.000000000000000000e+00
4.997501249375313264e-04 1.000307080944901728e+00
9.990009990009992170e-04 1.000612943865127225e+00
1.497753369945082269e-03 1.000917592833774128e+00
1.996007984031935960e-03 1.001221031904519609e+00
2.493765586034913089e-03 1.001523265111741612e+00
2.991026919242273374e-03 1.001824296470644970e+00
3.487792725460886652e-03 1.002124129977379541e+00
3.984063745019920250e-03 1.002422769609163877e+00
4.479840716774515300e-03 1.002720219324401807e+00
4.975124378109453509e-03 1.003016483062804776e+00
5.469915464942813957e-03 1.003311564745507756e+00
5.964214711729622087e-03 1.003605468275186707e+00
6.458022851465475278e-03 1.003898197536174930e+00
6.951340615690169283e-03 1.004189756394577859e+00
7.444168734491314263e-03 1.004480148698388309e+00
7.936507936507936067e-03 1.004769378277597047e+00
8.428358948934061914e-03 1.005057448944310705e+00
8.919722497522300855e-03 1.005344364492857245e+00
9.410599306587419041e-03 1.005630128699901205e+00
9.900990099009901110e-03 1.005914745324552939e+00
1.039089559623948729e-02 1.006198218108476317e+00
1.088031651829871396e-02 1.006480550775996408e+00
1.136925358378645425e-02 1.006761747034211174e+00
1.185770750988142386e-02 1.007041810573091611e+00
1.234567901234568006e-02 1.007320745065594547e+00
1.283316880552813621e-02 1.007598554167762117e+00
1.332017760236803121e-02 1.007875241518828124e+00
1.380670611439842148e-02 1.008150810741322401e+00
1.429275505174963136e-02 1.008425265441171614e+00
1.477832512315271039e-02 1.008698609207802299e+00
1.526341703594288370e-02 1.008970845614240996e+00
1.574803149606299191e-02 1.009241978217215507e+00
1.623216920806689820e-02 1.009512010557253703e+00
1.671583087512291260e-02 1.009780946158782333e+00
1.719901719901719903e-02 1.010048788530225838e+00
1.768172888015717356e-02 1.010315541164102493e+00
1.816396661757486639e-02 1.010581207537122550e+00
1.864573110893032529e-02 1.010845791110282166e+00
1.912702305051495674e-02 1.011109295328959545e+00
1.960784313725490169e-02 1.011371723623009311e+00
2.008819206271435578e-02 1.011633079406857094e+00
2.056807051909892436e-02 1.011893366079588796e+00
2.104747919725893229e-02 1.012152587025049399e+00
2.152641878669275810e-02 1.012410745611927787e+00
2.200488997555012302e-02 1.012667845193852667e+00
2.248289345063538697e-02 1.012923889109480058e+00
2.296042989741084450e-02 1.013178880682582994e+00
2.343750000000000000e-02 1.013432823222142121e+00
2.391410444119082546e-02 1.013685720022432291e+00
2.439024390243902871e-02 1.013937574363111827e+00
2.486591906387128348e-02 1.014188389509306454e+00
2.534113060428850109e-02 1.014438168711700339e+00
2.581587920116902232e-02 1.014686915206616469e+00
2.629016553067186138e-02 1.014934632216105914e+00
2.676399026763990122e-02 1.015181322948029985e+00
2.723735408560311322e-02 1.015426990596144163e+00
2.771025765678172131e-02 1.015671638340182703e+00
2.818270165208941122e-02 1.015915269345939675e+00
2.865468674113647377e-02 1.016157886765352014e+00
2.912621359223300718e-02 1.016399493736579451e+00
2.959728287239204308e-02 1.016640093384087118e+00
3.006789524733268978e-02 1.016879688818724370e+00
3.053805138148327561e-02 1.017118283137805390e+00
3.100775193798449569e-02 1.017355879425187126e+00
3.147699757869249632e-02 1.017592480751348560e+00
3.194578896418200087e-02 1.017828090173468647e+00
3.241412675374939767e-02 1.018062710735502696e+00
3.288201160541585899e-02 1.018296345468260311e+00
3.334944417593040805e-02 1.018528997389480661e+00
3.381642512077295132e-02 1.018760669503908645e+00
3.428295509415741488e-02 1.018991364803370603e+00
3.474903474903474898e-02 1.019221086266846488e+00
3.521466473709599504e-02 1.019449836860547798e+00
3.567984570877531098e-02 1.019677619537987079e+00
3.614457831325301046e-02 1.019904437240054085e+00
3.660886319845857440e-02 1.020130292895085722e+00
3.707270101107366239e-02 1.020355189418939323e+00
3.753609239653513119e-02 1.020579129715065037e+00
3.799903799903799756e-02 1.020802116674574656e+00
3.846153846153846367e-02 1.021024153176312455e+00
3.892359442575685224e-02 1.021245242086926464e+00
3.938520653218059719e-02 1.021465386260937525e+00
3.984637542006720656e-02 1.021684588540806349e+00
4.030710172744721848e-02 1.021902851757004793e+00
4.076738609112710160e-02 1.022120178728080697e+00
4.122722914669223887e-02 1.022336572260728937e+00
4.168663152850982101e-02 1.022552035149855376e+00
4.214559386973179556e-02 1.022766570178644141e+00
4.260411680229774650e-02 1.022980180118626237e+00
4.306220095693780170e-02 1.023192867729740163e+00
4.351984696317550555e-02 1.023404635760402082e+00
4.397705544933078192e-02 1.023615486947567543e+00
4.443382704252269583e-02 1.023825424016796104e+00
4.489016236867240245e-02 1.024034449682315939e+00
4.534606205250596433e-02 1.024242566647086017e+00
4.580152671755725186e-02 1.024449777602861378e+00
4.625655698617071876e-02 1.024656085230251978e+00
4.671115347950429569e-02 1.024861492198787749e+00
4.716531681753215882e-02 1.025066001166978769e+00
4.761904761904761640e-02 1.025269614782377214e+00
4.807234650166587742e-02 1.025472335681636871e+00
4.852521408182684098e-02 1.025674166490575079e+00
4.897765097479790664e-02 1.025875109824230691e+00
4.942965779467680537e-02 1.026075168286925576e+00
4.988123515439429889e-02 1.026274344472322797e+00
5.033238366571700373e-02 1.026472640963484340e+00
5.078310393925011129e-02 1.026670060332931511e+00
5.123339658444022587e-02 1.026866605142700672e+00
5.168326220957800143e-02 1.027062277944402746e+00
5.213270142180095185e-02 1.027257081279278284e+00
5.258171482709615707e-02 1.027451017678255196e+00
5.303030303030303177e-02 1.027644089662005600e+00
5.347846663511594822e-02 1.027836299741000214e+00
5.392620624408704655e-02 1.028027650415565875e+00
5.437352245862883682e-02 1.028218144175938376e+00
5.482041587901701624e-02 1.028407783502319539e+00
5.526688710439301572e-02 1.028596570864930726e+00
5.571293673276676850e-02 1.028784508724065905e+00
5.615856536101934693e-02 1.028971599530146719e+00
5.660377358490565475e-02 1.029157845723775333e+00
5.704856199905705000e-02 1.029343249735787058e+00
5.749293119698398180e-02 1.029527813987303642e+00
5.793688177107865489e-02 1.029711540889785670e+00
5.838041431261770109e-02 1.029894432845082086e+00
5.882352941176470507e-02 1.030076492245485698e+00
5.926622765757291050e-02 1.030257721473781141e+00
5.970850963798778055e-02 1.030438122903296616e+00
6.015037593984962072e-02 1.030617698897956513e+00
6.059182714889619487e-02 1.030796451812328041e+00
6.103286384976526480e-02 1.030974383991672516e+00
6.147348662599717850e-02 1.031151497771997327e+00
6.191369606003752080e-02 1.031327795480100562e+00
6.235349273323956970e-02 1.031503279433624298e+00
6.279287722586691933e-02 1.031677951941100124e+00
6.323185011709603343e-02 1.031851815301998432e+00
6.367041198501872945e-02 1.032024871806775934e+00
6.410856340664483621e-02 1.032197123736925404e+00
6.454630495790458777e-02 1.032368573365018083e+00
6.498363721365123247e-02 1.032539222954756974e+00
6.542056074766355867e-02 1.032709074761017698e+00
6.585707613264829563e-02 1.032878131029898672e+00
6.629318394024277805e-02 1.033046393998765744e+00
6.672888474101727752e-02 1.033213865896296824e+00
6.716417910447761153e-02 1.033380548942530286e+00
6.759906759906759988e-02 1.033546445348906717e+00
6.803355079217147938e-02 1.033711557318317098e+00
6.846762925011644352e-02 1.033875887045143660e+00
6.890130353817504327e-02 1.034039436715307847e+00
6.933457422056769903e-02 1.034202208506310727e+00
6.976744186046511531e-02 1.034364204587280289e+00
7.019990701999070937e-02 1.034525427119012075e+00
7.063197026022303981e-02 1.034685878254014035e+00
7.106363214119833238e-02 1.034845560136547604e+00
7.149489322191272811e-02 1.035004474902672333e+00
7.192575406032483687e-02 1.035162624680285859e+00
7.235621521335806883e-02 1.035320011589168532e+00
7.278627723690310469e-02 1.035476637741023165e+00
7.321594068582021331e-02 1.035632505239516998e+00
7.364520611394165250e-02 1.035787616180323445e+00
7.407407407407406996e-02 1.035941972651162946e+00
7.450254511800093182e-02 1.036095576731842938e+00
7.493061979648474313e-02 1.036248430494298489e+00
7.535829865926954585e-02 1.036400536002632711e+00
7.578558225508318091e-02 1.036551895313158278e+00
7.621247113163973075e-02 1.036702510474432515e+00
7.663896583564173970e-02 1.036852383527302468e+00
7.706506691278265653e-02 1.037001516504938881e+00
7.749077490774908261e-02 1.037149911432880822e+00
7.791609036422314505e-02 1.037297570329067442e+00
7.834101382488480037e-02 1.037444495203882155e+00
7.876554583141411048e-02 1.037590688060188171e+00
7.918968692449356028e-02 1.037736150893366682e+00
7.961343764381040300e-02 1.037880885691355282e+00
8.003679852805888062e-02 1.038024894434684153e+00
8.045977011494254150e-02 1.038168179096514487e+00
8.088235294117646079e-02 1.038310741642674895e+00
8.130454754248965521e-02 1.038452584031697823e+00
8.172635445362717854e-02 1.038593708214857303e+00
8.214777420835245314e-02 1.038734116136202923e+00
8.256880733944953199e-02 1.038873809732599574e+00
8.298945437872534692e-02 1.039012790933759423e+00
8.340971585701191515e-02 1.039151061662279218e+00
8.382959230416857366e-02 1.039288623833676928e+00
8.424908424908424120e-02 1.039425479356423487e+00
8.466819221967962494e-02 1.039561630131981218e+00
8.508691674290942697e-02 1.039697078054837798e+00
8.550525834476452314e-02 1.039831825012538458e+00
8.592321755027421126e-02 1.039965872885723286e+00
8.634079488350844545e-02 1.040099223548159424e+00
8.675799086757991774e-02 1.040231878866775261e+00
8.717480602464629247e-02 1.040363840701695297e+00
8.759124087591239893e-02 1.040495110906272558e+00
8.800729594163246572e-02 1.040625691327119906e+00
8.842297174111213298e-02 1.040755583804148232e+00
8.883826879271071453e-02 1.040884790170593988e+00
8.925318761384334887e-02 1.041013312253054046e+00
8.966772872098316416e-02 1.041141151871519899e+00
9.008189262966333211e-02 1.041268310839406075e+00
9.049567985447931617e-02 1.041394790963585670e+00
9.090909090909091161e-02 1.041520594044419212e+00
9.132212630622445204e-02 1.041645721875789965e+00
9.173478655767484946e-02 1.041770176245131019e+00
9.214707217430777308e-02 1.041893958933460373e+00
9.255898366606170324e-02 1.042017071715409138e+00
9.297052154195012408e-02 1.042139516359255724e+00
9.338168631006346643e-02 1.042261294626951829e+00
9.379247847757138379e-02 1.042382408274157735e+00
9.420289855072463969e-02 1.042502859050270292e+00
9.461294703485739754e-02 1.042622648698452226e+00
9.502262443438913575e-02 1.042741778955664333e+00
9.543193125282678491e-02 1.042860251552693240e+00
9.584086799276671231e-02 1.042978068214183152e+00
9.624943515589697018e-02 1.043095230658662498e+00
9.665763324299909975e-02 1.043211740598575465e+00
9.706546275395033785e-02 1.043327599740310418e+00
9.747292418772562916e-02 1.043442809784228764e+00
9.788001804239963854e-02 1.043557372424692709e+00
9.828674481514877714e-02 1.043671289350096121e+00
9.869310500225327021e-02 1.043784562242890068e+00
9.909909909909908610e-02 1.043897192779613237e+00
9.950472760018010121e-02 1.044009182630918575e+00
9.990999099909991799e-02 1.044120533461602385e+00
1.003148897885740021e-01 1.044231246930631629e+00
1.007194244604316530e-01 1.044341324691170803e+00
1.011235955056179747e-01 1.044450768390609241e+00
1.015274034141958742e-01 1.044559579670589100e+00
1.019308486753480042e-01 1.044667760167033554e+00
1.023339317773788032e-01 1.044775311510170557e+00
1.027366532077164663e-01 1.044882235324562147e+00
1.031390134529148045e-01 1.044988533229130212e+00
1.035410129986553268e-01 1.045094206837182238e+00
1.039426523297490995e-01 1.045199257756440181e+00
1.043439319301388279e-01 1.045303687589061781e+00
1.047448522829006329e-01 1.045407497931672758e+00
1.051454138702460905e-01 1.045510690375385243e+00
1.055456171735241477e-01 1.045613266505831529e+00
1.059454626732230648e-01 1.045715227903182276e+00
1.063449508489723028e-01 1.045816576142176935e+00
1.067440821795444528e-01 1.045917312792146392e+00
1.071428571428571230e-01 1.046017439417038952e+00
1.075412762159750069e-01 1.046116957575445428e+00
1.079393398751115063e-01 1.046215868820622452e+00
1.083370485956308554e-01 1.046314174700519350e+00
1.087344028520499245e-01 1.046411876757800785e+00
1.091314031180400795e-01 1.046508976529871848e+00
1.095280498664292085e-01 1.046605475548902042e+00
1.099243435692033866e-01 1.046701375341850593e+00
1.103202846975088885e-01 1.046796677430486433e+00
1.107158737216540623e-01 1.046891383331418846e+00
1.111111111111111049e-01 1.046985494556113006e+00
1.115059973345179922e-01 1.047079012610920623e+00
1.119005328596802962e-01 1.047171938997098595e+00
1.122947181535730032e-01 1.047264275210834317e+00
1.126885536823424988e-01 1.047356022743268333e+00
1.130820399113082048e-01 1.047447183080517430e+00
1.134751773049645363e-01 1.047537757703696837e+00
1.138679663269827197e-01 1.047627748088944877e+00
1.142604074402125830e-01 1.047717155707442060e+00
1.146525011066843874e-01 1.047805982025437510e+00
1.150442477876106318e-01 1.047894228504268721e+00
1.154356479433878840e-01 1.047981896600383545e+00
1.158267020335985859e-01 1.048068987765364390e+00
1.162174105170128285e-01 1.048155503445948211e+00
1.166077738515901019e-01 1.048241445084049372e+00
1.169977924944812370e-01 1.048326814116780969e+00
1.173874669020300160e-01 1.048411611976476143e+00
1.177767975297750458e-01 1.048495840090710285e+00
1.181657848324515203e-01 1.048579499882321242e+00
1.185544292639929553e-01 1.048662592769431745e+00
1.189427312775330481e-01 1.048745120165470501e+00
1.193306913254073287e-01 1.048827083479191069e+00
1.197183098591549227e-01 1.048908484114694728e+00
1.201055873295204662e-01 1.048989323471451574e+00
1.204925241864555907e-01 1.049069602944320501e+00
1.208791208791208938e-01 1.049149323923567856e+00
1.212653778558875489e-01 1.049228487794890308e+00
1.216512955643390403e-01 1.049307095939433943e+00
1.220368744512730502e-01 1.049385149733816469e+00
1.224221149627029576e-01 1.049462650550143650e+00
1.228070175438596423e-01 1.049539599756030617e+00
1.231915826391933450e-01 1.049615998714624743e+00
1.235758106923751237e-01 1.049691848784621184e+00
1.239597021462987420e-01 1.049767151320283975e+00
1.243432574430823334e-01 1.049841907671465790e+00
1.247264770240700260e-01 1.049916119183628815e+00
1.251093613298337737e-01 1.049989787197859847e+00
1.254919108001749106e-01 1.050062913050893831e+00
1.258741258741258862e-01 1.050135498075130736e+00
1.262560069899519299e-01 1.050207543598654647e+00
1.266375545851528284e-01 1.050279050945253534e+00
1.270187690964644234e-01 1.050350021434436565e+00
1.273996509598603888e-01 1.050420456381454093e+00
1.277802006105538402e-01 1.050490357097316085e+00
1.281604184829991111e-01 1.050559724888808999e+00
1.285403050108932521e-01 1.050628561058516208e+00
1.289198606271776959e-01 1.050696866904834881e+00
1.292990857640400337e-01 1.050764643721995739e+00
1.296779808529155698e-01 1.050831892800077938e+00
1.300565463244889031e-01 1.050898615425030602e+00
1.304347826086956486e-01 1.050964812878688370e+00
1.308126901347240190e-01 1.051030486438790490e+00
1.311902693310164902e-01 1.051095637378997028e+00
1.315675206252713836e-01 1.051160266968907964e+00
1.319444444444444475e-01 1.051224376474078737e+00
1.323210412147505233e-01 1.051287967156041114e+00
1.326973113616652100e-01 1.051351040272315407e+00
1.330732553099263082e-01 1.051413597076432893e+00
1.334488734835355406e-01 1.051475638817948477e+00
1.338241663057600506e-01 1.051537166742460894e+00
1.341991341991342068e-01 1.051598182091627365e+00
1.345737775854608520e-01 1.051658686103182916e+00
1.349480968858131624e-01 1.051718680010953699e+00
1.353220925205360914e-01 1.051778165044876534e+00
1.356957649092480622e-01 1.051837142431015115e+00
1.360691144708423284e-01 1.051895613391573781e+00
1.364421416234887774e-01 1.051953579144917938e+00
1.368148467846352911e-01 1.052011040905586725e+00
1.371872303710094942e-01 1.052067999884311877e+00
1.375592927986201142e-01 1.052124457288031945e+00
1.379310344827586465e-01 1.052180414319910051e+00
1.383024558380008540e-01 1.052235872179347220e+00
1.386735572782084314e-01 1.052290832062001025e+00
1.390443392165303660e-01 1.052345295159799798e+00
1.394148020654044917e-01 1.052399262660959511e+00
1.397849462365591267e-01 1.052452735749997537e+00
1.401547721410146274e-01 1.052505715607749082e+00
1.405242801890846660e-01 1.052558203411383397e+00
1.408934707903780337e-01 1.052610200334418211e+00
1.412623443537999179e-01 1.052661707546735048e+00
1.416309012875536510e-01 1.052712726214594996e+00
1.419991419991420145e-01 1.052763257500652472e+00
1.423670668953687934e-01 1.052813302563973208e+00
1.427346763823403308e-01 1.052862862560044466e+00
1.431019708654670264e-01 1.052911938640795020e+00
1.434689507494646687e-01 1.052960531954606260e+00
1.438356164383561842e-01 1.053008643646327736e+00
1.442019683354728299e-01 1.053056274857294028e+00
1.445680068434559429e-01 1.053103426725336078e+00
1.449337323642582442e-01 1.053150100384797394e+00
1.452991452991453103e-01 1.053196296966548706e+00
1.456642460486971269e-01 1.053242017598001734e+00
1.460290350128095604e-01 1.053287263403123175e+00
1.463935125906956902e-01 1.053332035502448916e+00
1.467576791808873904e-01 1.053376335013099352e+00
1.471215351812366623e-01 1.053420163048792046e+00
1.474850809889172998e-01 1.053463520719855495e+00
1.478483170004260827e-01 1.053506409133245114e+00
> -W1p,red,-
0.000000000000000000e+00 1.000000000000000000e+00
4.997501249375313264e-04 9.999244554581141475e-01
9.990009990009992170e-04 9.998489851387922789e-01
1.497753369945082269e-03 9.997735888862602227e-01
1.996007984031935960e-03 9.996982665454176020e-01
2.493765586034913089e-03 9.996230179618329492e-01
2.991026919242273374e-03 9.995478429817401533e-01
3.487792725460886652e-03 9.994727414520332420e-01
3.984063745019920250e-03 9.993977132202643832e-01
4.479840716774515300e-03 9.993227581346360022e-01
4.975124378109453509e-03 9.992478760440010044e-01
5.469915464942813957e-03 9.991730667978561131e-01
5.964214711729622087e-03 9.990983302463383176e-01
6.458022851465475278e-03 9.990236662402212087e-01
6.951340615690169283e-03 9.989490746309109825e-01
7.444168734491314263e-03 9.988745552704426656e-01
7.936507936507936067e-03 9.988001080114746744e-01
8.428358948934061914e-03 9.987257327072883717e-01
8.919722497522300855e-03 9.986514292117804059e-01
9.410599306587419041e-03 9.985771973794609346e-01
9.900990099009901110e-03 9.985030370654501830e-01
1.039089559623948729e-02 9.984289481254741139e-01
1.088031651829871396e-02 9.983549304158595428e-01
1.136925358378645425e-02 9.982809837935331387e-01
1.185770750988142386e-02 9.982071081160143189e-01
1.234567901234568006e-02 9.981333032414155815e-01
1.283316880552813621e-02 9.980595690284356225e-01
1.332017760236803121e-02 9.979859053363566712e-01
1.380670611439842148e-02 9.979123120250424916e-01
1.429275505174963136e-02 9.978387889549322765e-01
1.477832512315271039e-02 9.977653359870394256e-01
1.526341703594288370e-02 9.976919529829469946e-01
1.574803149606299191e-02 9.976186398048040305e-01
1.623216920806689820e-02 9.975453963153226855e-01
1.671583087512291260e-02 9.974722223777749974e-01
1.719901719901719903e-02 9.973991178559891146e-01
1.768172888015717356e-02 9.973260826143450775e-01
1.816396661757486639e-02 9.972531165177744850e-01
1.864573110893032529e-02 9.971802194317532786e-01
1.912702305051495674e-02 9.971073912223016311e-01
1.960784313725490169e-02 9.970346317559785065e-01
2.008819206271435578e-02 9.969619408998807719e-01
2.056807051909892436e-02 9.968893185216368691e-01
2.104747919725893229e-02 9.968167644894074808e-01
2.152641878669275810e-02 9.967442786718783143e-01
2.200488997555012302e-02 9.966718609382607674e-01
2.248289345063538697e-02 9.965995111582861554e-01
2.296042989741084450e-02 9.965272292022034906e-01
2.343750000000000000e-02 9.964550149407769286e-01
2.391410444119082546e-02 9.963828682452816610e-01
2.439024390243902871e-02 9.963107889875031375e-01
2.486591906387128348e-02 9.962387770397302944e-01
2.534113060428850109e-02 9.961668322747567750e-01
2.581587920116902232e-02 9.960949545658750459e-01
2.629016553067186138e-02 9.960231437868740656e-01
2.676399026763990122e-02 9.959513998120379519e-01
2.723735408560311322e-02 9.958797225161414302e-01
2.771025765678172131e-02 9.958081117744468358e-01
2.818270165208941122e-02 9.957365674627031149e-01
2.865468674113647377e-02 9.956650894571411614e-01
2.912621359223300718e-02 9.955936776344711525e-01
2.959728287239204308e-02 9.955223318718817715e-01
3.006789524733268978e-02 9.954510520470343238e-01
3.053805138148327561e-02 9.953798380380635136e-01
3.100775193798449569e-02 9.953086897235716712e-01
3.147699757869249632e-02 9.952376069826270877e-01
3.194578896418200087e-02 9.951665896947626822e-01
3.241412675374939767e-02 9.950956377399713393e-01
3.288201160541585899e-02 9.950247509987042438e-01
3.334944417593040805e-02 9.949539293518686600e-01
3.381642512077295132e-02 9.948831726808247122e-01
3.428295509415741488e-02 9.948124808673824981e-01
3.474903474903474898e-02 9.947418537938002014e-01
3.521466473709599504e-02 9.946712913427817604e-01
3.567984570877531098e-02 9.946007933974735371e-01
3.614457831325301046e-02 9.945303598414620971e-01
3.660886319845857440e-02 9.944599905587721000e-01
3.707270101107366239e-02 9.943896854338631908e-01
3.753609239653513119e-02 9.943194443516286674e-01
3.799903799903799756e-02 9.942492671973915952e-01
3.846153846153846367e-02 9.941791538569026976e-01
3.892359442575685224e-02 9.941091042163395786e-01
3.938520653218059719e-02 9.940391181623026151e-01
3.984637542006720656e-02 9.939691955818126257e-01
4.030710172744721848e-02 9.938993363623092048e-01
4.076738609112710160e-02 9.938295403916482806e-01
4.122722914669223887e-02 9.937598075581000057e-01
4.168663152850982101e-02 9.936901377503454258e-01
4.214559386973179556e-02 9.936205308574750372e-01
4.260411680229774650e-02 9.935509867689878982e-01
4.306220095693780170e-02 9.934815053747848568e-01
4.351984696317550555e-02 9.934120865651724364e-01
4.397705544933078192e-02 9.933427302308557305e-01
4.443382704252269583e-02 9.932734362629384028e-01
4.489016236867240245e-02 9.932042045529202445e-01
4.534606205250596433e-02 9.931350349926943988e-01
4.580152671755725186e-02 9.930659274745463616e-01
4.625655698617071876e-02 9.929968818911500961e-01
4.671115347950429569e-02 9.929278981355676992e-01
4.716531681753215882e-02 9.928589761012468484e-01
4.761904761904761640e-02 9.927901156820170270e-01
4.807234650166587742e-02 9.927213167720901899e-01
4.852521408182684098e-02 9.926525792660563230e-01
4.897765097479790664e-02 9.925839030588829992e-01
4.942965779467680537e-02 9.925152880459118254e-01
4.988123515439429889e-02 9.924467341228581097e-01
5.033238366571700373e-02 9.923782411858076413e-01
5.078310393925011129e-02 9.923098091312153590e-01
5.123339658444022587e-02 9.922414378559021308e-01
5.168326220957800143e-02 9.921731272570554205e-01
5.213270142180095185e-02 9.921048772322239584e-01
5.258171482709615707e-02 9.920366876793179634e-01
5.303030303030303177e-02 9.919685584966072556e-01
5.347846663511594822e-02 9.919004895827180368e-01
5.392620624408704655e-02 9.918324808366321133e-01
5.437352245862883682e-02 9.917645321576845641e-01
5.482041587901701624e-02 9.916966434455619650e-01
5.526688710439301572e-02 9.916288146003007231e-01
5.571293673276676850e-02 9.915610455222840791e-01
5.615856536101934693e-02 9.914933361122419964e-01
5.660377358490565475e-02 9.914256862712483853e-01
5.704856199905705000e-02 9.913580959007189941e-01
5.749293119698398180e-02 9.912905649024101873e-01
5.793688177107865489e-02 9.912230931784177246e-01
5.838041431261770109e-02 9.911556806311725420e-01
5.882352941176470507e-02 9.910883271634421954e-01
5.926622765757291050e-02 9.910210326783266410e-01
5.970850963798778055e-02 9.909537970792579031e-01
6.015037593984962072e-02 9.908866202699977421e-01
6.059182714889619487e-02 9.908195021546362113e-01
6.103286384976526480e-02 9.907524426375885485e-01
6.147348662599717850e-02 9.906854416235971739e-01
6.191369606003752080e-02 9.906184990177251404e-01
6.235349273323956970e-02 9.905516147253575765e-01
6.279287722586691933e-02 9.904847886522001321e-01
6.323185011709603343e-02 9.904180207042755368e-01
6.367041198501872945e-02 9.903513107879226007e-01
6.410856340664483621e-02 9.902846588097966585e-01
6.454630495790458777e-02 9.902180646768634631e-01
6.498363721365123247e-02 9.901515282964027387e-01
6.542056074766355867e-02 9.900850495760028513e-01
6.585707613264829563e-02 9.900186284235605871e-01
6.629318394024277805e-02 9.899522647472799308e-01
6.672888474101727752e-02 9.898859584556688462e-01
6.716417910447761153e-02 9.898197094575407196e-01
6.759906759906759988e-02 9.897535176620093633e-01
6.803355079217147938e-02 9.896873829784901266e-01
6.846762925011644352e-02 9.896213053166970086e-01
6.890130353817504327e-02 9.895552845866412150e-01
6.933457422056769903e-02 9.894893206986296041e-01
6.976744186046511531e-02 9.894234135632644644e-01
7.019990701999070937e-02 9.893575630914407393e-01
7.063197026022303981e-02 9.892917691943446945e-01
7.106363214119833238e-02 9.892260317834521421e-01
7.149489322191272811e-02 9.891603507705278853e-01
7.192575406032483687e-02 9.890947260676237196e-01
7.235621521335806883e-02 9.890291575870774343e-01
7.278627723690310469e-02 9.889636452415107026e-01
7.321594068582021331e-02 9.888981889438277495e-01
7.364520611394165250e-02 9.888327886072144635e-01
7.407407407407406996e-02 9.887674441451369534e-01
7.450254511800093182e-02 9.887021554713396609e-01
7.493061979648474313e-02 9.886369224998438066e-01
7.535829865926954585e-02 9.885717451449466120e-01
7.578558225508318091e-02 9.885066233212210784e-01
7.621247113163973075e-02 9.884415569435104354e-01
7.663896583564173970e-02 9.883765459269325815e-01
7.706506691278265653e-02 9.883115901868732012e-01
7.749077490774908261e-02 9.882466896389898725e-01
7.791609036422314505e-02 9.881818441992050728e-01
7.834101382488480037e-02 9.881170537837090651e-01
7.876554583141411048e-02 9.880523183089573447e-01
7.918968692449356028e-02 9.879876376916685299e-01
7.961343764381040300e-02 9.879230118488243617e-01
8.003679852805888062e-02 9.878584406976671506e-01
8.045977011494254150e-02 9.877939241556993322e-01
8.088235294117646079e-02 9.877294621406822461e-01
8.130454754248965521e-02 9.876650545706341378e-01
8.172635445362717854e-02 9.876007013638299359e-01
8.214777420835245314e-02 9.875364024387986994e-01
8.256880733944953199e-02 9.874721577143240614e-01
8.298945437872534692e-02 9.874079671094414534e-01
8.340971585701191515e-02 9.873438305434374396e-01
8.382959230416857366e-02 9.872797479358491612e-01
8.424908424908424120e-02 9.872157192064615616e-01
8.466819221967962494e-02 9.871517442753076077e-01
8.508691674290942697e-02 9.870878230626675132e-01
8.550525834476452314e-02 9.870239554890647415e-01
8.592321755027421126e-02 9.869601414752684487e-01
8.634079488350844545e-02 9.868963809422902633e-01
8.675799086757991774e-02 9.868326738113826213e-01
8.717480602464629247e-02 9.867690200040396542e-01
8.759124087591239893e-02 9.867054194419940805e-01
8.800729594163246572e-02 9.866418720472166504e-01
8.842297174111213298e-02 9.865783777419163680e-01
8.883826879271071453e-02 9.865149364485372718e-01
8.925318761384334887e-02 9.864515480897573241e-01
8.966772872098316416e-02 9.863882125884905205e-01
9.008189262966333211e-02 9.863249298678814503e-01
9.049567985447931617e-02 9.862616998513075162e-01
9.090909090909091161e-02 9.861985224623752710e-01
9.132212630622445204e-02 9.861353976249216391e-01
9.173478655767484946e-02 9.860723252630114732e-01
9.214707217430777308e-02 9.860093053009367781e-01
9.255898366606170324e-02 9.859463376632151554e-01
9.297052154195012408e-02 9.858834222745904707e-01
9.338168631006346643e-02 9.858205590600289669e-01
9.379247847757138379e-02 9.857577479447215962e-01
9.420289855072463969e-02 9.856949888540794680e-01
9.461294703485739754e-02 9.856322817137355141e-01
9.502262443438913575e-02 9.855696264495427128e-01
9.543193125282678491e-02 9.855070229875719789e-01
9.584086799276671231e-02 9.854444712541130524e-01
9.624943515589697018e-02 9.853819711756712785e-01
9.665763324299909975e-02 9.853195226789682737e-01
9.706546275395033785e-02 9.852571256909410380e-01
9.747292418772562916e-02 9.851947801387397341e-01
9.788001804239963854e-02 9.851324859497269104e-01
9.828674481514877714e-02 9.850702430514779451e-01
9.869310500225327021e-02 9.850080513717782704e-01
9.909909909909908610e-02 9.849459108386233730e-01
9.950472760018010121e-02 9.848838213802172392e-01
9.990999099909991799e-02 9.848217829249724664e-01
1.003148897885740021e-01 9.847597954015087085e-01
1.007194244604316530e-01 9.846978587386512327e-01
1.011235955056179747e-01 9.846359728654303645e-01
1.015274034141958742e-01 9.845741377110801551e-01
1.019308486753480042e-01 9.845123532050391590e-01
1.023339317773788032e-01 9.844506192769473252e-01
1.027366532077164663e-01 9.843889358566456638e-01
1.031390134529148045e-01 9.843273028741769126e-01
1.035410129986553268e-01 9.842657202597817623e-01
1.039426523297490995e-01 9.842041879439010765e-01
1.043439319301388279e-01 9.841427058571720066e-01
1.047448522829006329e-01 9.840812739304305445e-01
1.051454138702460905e-01 9.840198920947060834e-01
1.055456171735241477e-01 9.839585602812255249e-01
1.059454626732230648e-01 9.838972784214083944e-01
1.063449508489723028e-01 9.838360464468682842e-01
1.067440821795444528e-01 9.837748642894108553e-01
1.071428571428571230e-01 9.837137318810339481e-01
1.075412762159750069e-01 9.836526491539256956e-01
1.079393398751115063e-01 9.835916160404640785e-01
1.083370485956308554e-01 9.835306324732163707e-01
1.087344028520499245e-01 9.834696983849383622e-01
1.091314031180400795e-01 9.834088137085723602e-01
1.095280498664292085e-01 9.833479783772477445e-01
1.099243435692033866e-01 9.832871923242806345e-01
1.103202846975088885e-01 9.832264554831691150e-01
1.107158737216540623e-01 9.831657677875992318e-01
1.111111111111111049e-01 9.831051291714365536e-01
1.115059973345179922e-01 9.830445395687319454e-01
1.119005328596802962e-01 9.829839989137164613e-01
1.122947181535730032e-01 9.829235071408023439e-01
1.126885536823424988e-01 9.828630641845819138e-01
1.130820399113082048e-01 9.828026699798269039e-01
1.134751773049645363e-01 9.827423244614867937e-01
1.138679663269827197e-01 9.826820275646901415e-01
1.142604074402125830e-01 9.826217792247412541e-01
1.146525011066843874e-01 9.825615793771209638e-01
1.150442477876106318e-01 9.825014279574855180e-01
1.154356479433878840e-01 9.824413249016652472e-01
1.158267020335985859e-01 9.823812701456654528e-01
1.162174105170128285e-01 9.823212636256637431e-01
1.166077738515901019e-01 9.822613052780099219e-01
1.169977924944812370e-01 9.822013950392259884e-01
1.173874669020300160e-01 9.821415328460042504e-01
1.177767975297750458e-01 9.820817186352079897e-01
1.181657848324515203e-01 9.820219523438684650e-01
1.185544292639929553e-01 9.819622339091865770e-01
1.189427312775330481e-01 9.819025632685319804e-01
1.193306913254073287e-01 9.818429403594390870e-01
1.197183098591549227e-01 9.817833651196111733e-01
1.201055873295204662e-01 9.817238374869160511e-01
1.204925241864555907e-01 9.816643573993872884e-01
1.208791208791208938e-01 9.816049247952219892e-01
1.212653778558875489e-01 9.815455396127816812e-01
1.216512955643390403e-01 9.814862017905900959e-01
1.220368744512730502e-01 9.814269112673343898e-01
1.224221149627029576e-01 9.813676679818623683e-01
1.228070175438596423e-01 9.813084718731821532e-01
1.231915826391933450e-01 9.812493228804638479e-01
1.235758106923751237e-01 9.811902209430358734e-01
1.239597021462987420e-01 9.811311660003855240e-01
1.243432574430823334e-01 9.810721579921580782e-01
1.247264770240700260e-01 9.810131968581582429e-01
1.251093613298337737e-01 9.809542825383444908e-01
1.254919108001749106e-01 9.808954149728337235e-01
1.258741258741258862e-01 9.808365941018974965e-01
1.262560069899519299e-01 9.807778198659625746e-01
1.266375545851528284e-01 9.807190922056099325e-01
1.270187690964644234e-01 9.806604110615740888e-01
1.273996509598603888e-01 9.806017763747419957e-01
1.277802006105538402e-01 9.805431880861540384e-01
1.281604184829991111e-01 9.804846461370008148e-01
1.285403050108932521e-01 9.804261504686254680e-01
1.289198606271776959e-01 9.803677010225202437e-01
1.292990857640400337e-01 9.803092977403282671e-01
1.296779808529155698e-01 9.802509405638409890e-01
1.300565463244889031e-01 9.801926294349986302e-01
1.304347826086956486e-01 9.801343642958895153e-01
1.308126901347240190e-01 9.800761450887494064e-01
1.311902693310164902e-01 9.800179717559601711e-01
1.315675206252713836e-01 9.799598442400505593e-01
1.319444444444444475e-01 9.799017624836939833e-01
1.323210412147505233e-01 9.798437264297097382e-01
1.326973113616652100e-01 9.797857360210603384e-01
1.330732553099263082e-01 9.797277912008528489e-01
1.334488734835355406e-01 9.796698919123372207e-01
1.338241663057600506e-01 9.796120380989057352e-01
1.341991341991342068e-01 9.795542297040925606e-01
1.345737775854608520e-01 9.794964666715743062e-01
1.349480968858131624e-01 9.794387489451669149e-01
1.353220925205360914e-01 9.793810764688266612e-01
1.356957649092480622e-01 9.793234491866515956e-01
1.360691144708423284e-01 9.792658670428755485e-01
1.364421416234887774e-01 9.792083299818740150e-01
1.368148467846352911e-01 9.791508379481580482e-01
1.371872303710094942e-01 9.790933908863777013e-01
1.375592927986201142e-01 9.790359887413189188e-01
1.379310344827586465e-01 9.789786314579045357e-01
1.383024558380008540e-01 9.789213189811927229e-01
1.386735572782084314e-01 9.788640512563770990e-01
1.390443392165303660e-01 9.788068282287857302e-01
1.394148020654044917e-01 9.787496498438814641e-01
1.397849462365591267e-01 9.786925160472601526e-01
1.401547721410146274e-01 9.786354267846500976e-01
1.405242801890846660e-01 9.785783820019133827e-01
1.408934707903780337e-01 9.785213816450432089e-01
1.412623443537999179e-01 9.784644256601647827e-01
1.416309012875536510e-01 9.784075139935338727e-01
1.419991419991420145e-01 9.783506465915365879e-01
1.423670668953687934e-01 9.782938234006895994e-01
1.427346763823403308e-01 9.782370443676376981e-01
1.431019708654670264e-01 9.781803094391560149e-01
1.434689507494646687e-01 9.781236185621472456e-01
1.438356164383561842e-01 9.780669716836416505e-01
1.442019683354728299e-01 9.780103687507974985e-01
1.445680068434559429e-01 9.779538097108997352e-01
1.449337323642582442e-01 9.778972945113592052e-01
1.452991452991453103e-01 9.778408230997132078e-01
1.456642460486971269e-01 9.777843954236240531e-01
1.460290350128095604e-01 9.777280114308789516e-01
1.463935125906956902e-01 9.776716710693893475e-01
1.467576791808873904e-01 9.776153742871911412e-01
1.471215351812366623e-01 9.775591210324431346e-01
1.474850809889172998e-01 9.775029112534266984e-01
1.478483170004260827e-01 9.774467448985466600e-01
> -W1p,darkgrey,-
0.000000000000000000e+00 1.000000000000000000e+00
4.997501249375313264e-04 9.995002498750625852e-01
9.990009990009992170e-04 9.990007495003125904e-01
1.497753369945082269e-03 9.985014987509370776e-01
1.996007984031935960e-03 9.980024975021859479e-01
2.493765586034913089e-03 9.975037456293711635e-01
2.991026919242273374e-03 9.970052430078674144e-01
3.487792725460886652e-03 9.965069895131105637e-01
3.984063745019920250e-03 9.960089850206006457e-01
4.479840716774515300e-03 9.955112294058975353e-01
4.975124378109453509e-03 9.950137225446251676e-01
5.469915464942813957e-03 9.945164643124689841e-01
5.964214711729622087e-03 9.940194545851764873e-01
6.458022851465475278e-03 9.935226932385570198e-01
6.951340615690169283e-03 9.930261801484828732e-01
7.444168734491314263e-03 9.925299151908877349e-01
7.936507936507936067e-03 9.920338982417666873e-01
8.428358948934061914e-03 9.915381291771783179e-01
8.919722497522300855e-03 9.910426078732418320e-01
9.410599306587419041e-03 9.905473342061384967e-01
9.900990099009901110e-03 9.900523080521124175e-01
1.039089559623948729e-02 9.895575292874687623e-01
1.088031651829871396e-02 9.890629977885743163e-01
1.136925358378645425e-02 9.885687134318587033e-01
1.185770750988142386e-02 9.880746760938114992e-01
1.234567901234568006e-02 9.875808856509862288e-01
1.283316880552813621e-02 9.870873419799964799e-01
1.332017760236803121e-02 9.865940449575175686e-01
1.380670611439842148e-02 9.861009944602875388e-01
1.429275505174963136e-02 9.856081903651048304e-01
1.477832512315271039e-02 9.851156325488304999e-01
1.526341703594288370e-02 9.846233208883863330e-01
1.574803149606299191e-02 9.841312552607561770e-01
1.623216920806689820e-02 9.836394355429846081e-01
1.671583087512291260e-02 9.831478616121785974e-01
1.719901719901719903e-02 9.826565333455059559e-01
1.768172888015717356e-02 9.821654506201954460e-01
1.816396661757486639e-02 9.816746133135387797e-01
1.864573110893032529e-02 9.811840213028871771e-01
1.912702305051495674e-02 9.806936744656542526e-01
1.960784313725490169e-02 9.802035726793144610e-01
2.008819206271435578e-02 9.797137158214040964e-01
2.056807051909892436e-02 9.792241037695190720e-01
2.104747919725893229e-02 9.787347364013184725e-01
2.152641878669275810e-02 9.782456135945210018e-01
2.200488997555012302e-02 9.777567352269076473e-01
2.248289345063538697e-02 9.772681011763196812e-01
2.296042989741084450e-02 9.767797113206593274e-01
2.343750000000000000e-02 9.762915655378904267e-01
2.391410444119082546e-02 9.758036637060372165e-01
2.439024390243902871e-02 9.753160057031858843e-01
2.486591906387128348e-02 9.748285914074817926e-01
2.534113060428850109e-02 9.743414206971332536e-01
2.581587920116902232e-02 9.738544934504081985e-01
2.629016553067186138e-02 9.733678095456352874e-01
2.676399026763990122e-02 9.728813688612046873e-01
2.723735408560311322e-02 9.723951712755668497e-01
2.771025765678172131e-02 9.719092166672331778e-01
2.818270165208941122e-02 9.714235049147758039e-01
2.865468674113647377e-02 9.709380358968275893e-01
2.912621359223300718e-02 9.704528094920813475e-01
2.959728287239204308e-02 9.699678255792917314e-01
3.006789524733268978e-02 9.694830840372729019e-01
3.053805138148327561e-02 9.689985847449004153e-01
3.100775193798449569e-02 9.685143275811101127e-01
3.147699757869249632e-02 9.680303124248973434e-01
3.194578896418200087e-02 9.675465391553197403e-01
3.241412675374939767e-02 9.670630076514939999e-01
3.288201160541585899e-02 9.665797177925974371e-01
3.334944417593040805e-02 9.660966694578686509e-01
3.381642512077295132e-02 9.656138625266053044e-01
3.428295509415741488e-02 9.651312968781663448e-01
3.474903474903474898e-02 9.646489723919701165e-01
3.521466473709599504e-02 9.641668889474965809e-01
3.567984570877531098e-02 9.636850464242844305e-01
3.614457831325301046e-02 9.632034447019336421e-01
3.660886319845857440e-02 9.627220836601035892e-01
3.707270101107366239e-02 9.622409631785140416e-01
3.753609239653513119e-02 9.617600831369456094e-01
3.799903799903799756e-02 9.612794434152382994e-01
3.846153846153846367e-02 9.607990438932912935e-01
3.892359442575685224e-02 9.603188844510656130e-01
3.938520653218059719e-02 9.598389649685815650e-01
3.984637542006720656e-02 9.593592853259188535e-01
4.030710172744721848e-02 9.588798454032172458e-01
4.076738609112710160e-02 9.584006450806769051e-01
4.122722914669223887e-02 9.579216842385577246e-01
4.168663152850982101e-02 9.574429627571792167e-01
4.214559386973179556e-02 9.569644805169205126e-01
4.260411680229774650e-02 9.564862373982219168e-01
4.306220095693780170e-02 9.560082332815809103e-01
4.351984696317550555e-02 9.555304680475572576e-01
4.397705544933078192e-02 9.550529415767691210e-01
4.443382704252269583e-02 9.545756537498940597e-01
4.489016236867240245e-02 9.540986044476704730e-01
4.534606205250596433e-02 9.536217935508949362e-01
4.580152671755725186e-02 9.531452209404248643e-01
4.625655698617071876e-02 9.526688864971760706e-01
4.671115347950429569e-02 9.521927901021248752e-01
4.716531681753215882e-02 9.517169316363066622e-01
4.761904761904761640e-02 9.512413109808158795e-01
4.807234650166587742e-02 9.507659280168075933e-01
4.852521408182684098e-02 9.502907826254948231e-01
4.897765097479790664e-02 9.498158746881509851e-01
4.942965779467680537e-02 9.493412040861081147e-01
4.988123515439429889e-02 9.488667707007577556e-01
5.033238366571700373e-02 9.483925744135509595e-01
5.078310393925011129e-02 9.479186151059980636e-01
5.123339658444022587e-02 9.474448926596680254e-01
5.168326220957800143e-02 9.469714069561900871e-01
5.213270142180095185e-02 9.464981578772515558e-01
5.258171482709615707e-02 9.460251453045991354e-01
5.303030303030303177e-02 9.455523691200391490e-01
5.347846663511594822e-02 9.450798292054364280e-01
5.392620624408704655e-02 9.446075254427150902e-01
5.437352245862883682e-02 9.441354577138579840e-01
5.482041587901701624e-02 9.436636259009074656e-01
5.526688710439301572e-02 9.431920298859648444e-01
5.571293673276676850e-02 9.427206695511891610e-01
5.615856536101934693e-02 9.422495447787998524e-01
5.660377358490565475e-02 9.417786554510744201e-01
5.704856199905705000e-02 9.413080014503492077e-01
5.749293119698398180e-02 9.408375826590195112e-01
5.793688177107865489e-02 9.403673989595401350e-01
5.838041431261770109e-02 9.398974502344226156e-01
5.882352941176470507e-02 9.394277363662394409e-01
5.926622765757291050e-02 9.389582572376208303e-01
5.970850963798778055e-02 9.384890127312550678e-01
6.015037593984962072e-02 9.380200027298902787e-01
6.059182714889619487e-02 9.375512271163323197e-01
6.103286384976526480e-02 9.370826857734453341e-01
6.147348662599717850e-02 9.366143785841535285e-01
6.191369606003752080e-02 9.361463054314378418e-01
6.235349273323956970e-02 9.356784661983386098e-01
6.279287722586691933e-02 9.352108607679546770e-01
6.323185011709603343e-02 9.347434890234430638e-01
6.367041198501872945e-02 9.342763508480186330e-01
6.410856340664483621e-02 9.338094461249565326e-01
6.454630495790458777e-02 9.333427747375875327e-01
6.498363721365123247e-02 9.328763365693029108e-01
6.542056074766355867e-02 9.324101315035512316e-01
6.585707613264829563e-02 9.319441594238392357e-01
6.629318394024277805e-02 9.314784202137326163e-01
6.672888474101727752e-02 9.310129137568537994e-01
6.716417910447761153e-02 9.305476399368856066e-01
6.759906759906759988e-02 9.300825986375665932e-01
6.803355079217147938e-02 9.296177897426952663e-01
6.846762925011644352e-02 9.291532131361275315e-01
6.890130353817504327e-02 9.286888687017769151e-01
6.933457422056769903e-02 9.282247563236148968e-01
6.976744186046511531e-02 9.277608758856719096e-01
7.019990701999070937e-02 9.272972272720358955e-01
7.063197026022303981e-02 9.268338103668527506e-01
7.106363214119833238e-02 9.263706250543256582e-01
7.149489322191272811e-02 9.259076712187164215e-01
7.192575406032483687e-02 9.254449487443442424e-01
7.235621521335806883e-02 9.249824575155864981e-01
7.278627723690310469e-02 9.245201974168781867e-01
7.321594068582021331e-02 9.240581683327117046e-01
7.364520611394165250e-02 9.235963701476377352e-01
7.407407407407406996e-02 9.231348027462645822e-01
7.450254511800093182e-02 9.226734660132581700e-01
7.493061979648474313e-02 9.222123598333415995e-01
7.535829865926954585e-02 9.217514840912954810e-01
7.578558225508318091e-02 9.212908386719599330e-01
7.621247113163973075e-02 9.208304234602295857e-01
7.663896583564173970e-02 9.203702383410592436e-01
7.706506691278265653e-02 9.199102831994591112e-01
7.749077490774908261e-02 9.194505579204991230e-01
7.791609036422314505e-02 9.189910623893046138e-01
7.834101382488480037e-02 9.185317964910589827e-01
7.876554583141411048e-02 9.180727601110032499e-01
7.918968692449356028e-02 9.176139531344361666e-01
7.961343764381040300e-02 9.171553754467127728e-01
8.003679852805888062e-02 9.166970269332462840e-01
8.045977011494254150e-02 9.162389074795065369e-01
8.088235294117646079e-02 9.157810169710211001e-01
8.130454754248965521e-02 9.153233552933746076e-01
8.172635445362717854e-02 9.148659223322084255e-01
8.214777420835245314e-02 9.144087179732215409e-01
8.256880733944953199e-02 9.139517421021703392e-01
8.298945437872534692e-02 9.134949946048680491e-01
8.340971585701191515e-02 9.130384753671844100e-01
8.382959230416857366e-02 9.125821842750472257e-01
8.424908424908424120e-02 9.121261212144400332e-01
8.466819221967962494e-02 9.116702860714042123e-01
8.508691674290942697e-02 9.112146787320385410e-01
8.550525834476452314e-02 9.107592990824971979e-01
8.592321755027421126e-02 9.103041470089926479e-01
8.634079488350844545e-02 9.098492223977937554e-01
8.675799086757991774e-02 9.093945251352258952e-01
8.717480602464629247e-02 9.089400551076720625e-01
8.759124087591239893e-02 9.084858122015715409e-01
8.800729594163246572e-02 9.080317963034193474e-01
8.842297174111213298e-02 9.075780072997695624e-01
8.883826879271071453e-02 9.071244450772313339e-01
8.925318761384334887e-02 9.066711095224699868e-01
8.966772872098316416e-02 9.062180005222090218e-01
9.008189262966333211e-02 9.057651179632272287e-01
9.049567985447931617e-02 9.053124617323612400e-01
9.090909090909091161e-02 9.048600317165027551e-01
9.132212630622445204e-02 9.044078278026015383e-01
9.173478655767484946e-02 9.039558498776628648e-01
9.214707217430777308e-02 9.035040978287486313e-01
9.255898366606170324e-02 9.030525715429769118e-01
9.297052154195012408e-02 9.026012709075232898e-01
9.338168631006346643e-02 9.021501958096181939e-01
9.379247847757138379e-02 9.016993461365498952e-01
9.420289855072463969e-02 9.012487217756621760e-01
9.461294703485739754e-02 9.007983226143548849e-01
9.502262443438913575e-02 9.003481485400849360e-01
9.543193125282678491e-02 8.998981994403648654e-01
9.584086799276671231e-02 8.994484752027637198e-01
9.624943515589697018e-02 8.989989757149062788e-01
9.665763324299909975e-02 8.985497008644739436e-01
9.706546275395033785e-02 8.981006505392042927e-01
9.747292418772562916e-02 8.976518246268910817e-01
9.788001804239963854e-02 8.972032230153830223e-01
9.828674481514877714e-02 8.967548455925870021e-01
9.869310500225327021e-02 8.963066922464639763e-01
9.909909909909908610e-02 8.958587628650316326e-01
9.950472760018010121e-02 8.954110573363635028e-01
9.990999099909991799e-02 8.949635755485888522e-01
1.003148897885740021e-01 8.945163173898941222e-01
1.007194244604316530e-01 8.940692827485200445e-01
1.011235955056179747e-01 8.936224715127638607e-01
1.015274034141958742e-01 8.931758835709778799e-01
1.019308486753480042e-01 8.927295188115721425e-01
1.023339317773788032e-01 8.922833771230106459e-01
1.027366532077164663e-01 8.918374583938135647e-01
1.031390134529148045e-01 8.913917625125575839e-01
1.035410129986553268e-01 8.909462893678735673e-01
1.039426523297490995e-01 8.905010388484495554e-01
1.043439319301388279e-01 8.900560108430276562e-01
1.047448522829006329e-01 8.896112052404079318e-01
1.051454138702460905e-01 8.891666219294428464e-01
1.055456171735241477e-01 8.887222607990434842e-01
1.059454626732230648e-01 8.882781217381743311e-01
1.063449508489723028e-01 8.878342046358562722e-01
1.067440821795444528e-01 8.873905093811655931e-01
1.071428571428571230e-01 8.869470358632340901e-01
1.075412762159750069e-01 8.865037839712485157e-01
1.079393398751115063e-01 8.860607535944513558e-01
1.083370485956308554e-01 8.856179446221400520e-01
1.087344028520499245e-01 8.851753569436683344e-01
1.091314031180400795e-01 8.847329904484442231e-01
1.095280498664292085e-01 8.842908450259309161e-01
1.099243435692033866e-01 8.838489205656484549e-01
1.103202846975088885e-01 8.834072169571692834e-01
1.107158737216540623e-01 8.829657340901245766e-01
1.111111111111111049e-01 8.825244718541973565e-01
1.115059973345179922e-01 8.820834301391278220e-01
1.119005328596802962e-01 8.816426088347104617e-01
1.122947181535730032e-01 8.812020078307950532e-01
1.126885536823424988e-01 8.807616270172864414e-01
1.130820399113082048e-01 8.803214662841444271e-01
1.134751773049645363e-01 8.798815255213835451e-01
1.138679663269827197e-01 8.794418046190740634e-01
1.142604074402125830e-01 8.790023034673402069e-01
1.146525011066843874e-01 8.785630219563619336e-01
1.150442477876106318e-01 8.781239599763739356e-01
1.154356479433878840e-01 8.776851174176648618e-01
1.158267020335985859e-01 8.772464941705796493e-01
1.162174105170128285e-01 8.768080901255170811e-01
1.166077738515901019e-01 8.763699051729306744e-01
1.169977924944812370e-01 8.759319392033289020e-01
1.173874669020300160e-01 8.754941921072751931e-01
1.177767975297750458e-01 8.750566637753878219e-01
1.181657848324515203e-01 8.746193540983385750e-01
1.185544292639929553e-01 8.741822629668547506e-01
1.189427312775330481e-01 8.737453902717190468e-01
1.193306913254073287e-01 8.733087359037670083e-01
1.197183098591549227e-01 8.728722997538900241e-01
1.201055873295204662e-01 8.724360817130334400e-01
1.204925241864555907e-01 8.720000816721975578e-01
1.208791208791208938e-01 8.715642995224363032e-01
1.212653778558875489e-01 8.711287351548590019e-01
1.216512955643390403e-01 8.706933884606284924e-01
1.220368744512730502e-01 8.702582593309631243e-01
1.224221149627029576e-01 8.698233476571349820e-01
1.228070175438596423e-01 8.693886533304695519e-01
1.231915826391933450e-01 8.689541762423483862e-01
1.235758106923751237e-01 8.685199162842064391e-01
1.239597021462987420e-01 8.680858733475327327e-01
1.243432574430823334e-01 8.676520473238703568e-01
1.247264770240700260e-01 8.672184381048184676e-01
1.251093613298337737e-01 8.667850455820274025e-01
1.254919108001749106e-01 8.663518696472036762e-01
1.258741258741258862e-01 8.659189101921077603e-01
1.262560069899519299e-01 8.654861671085533059e-01
1.266375545851528284e-01 8.650536402884090315e-01
1.270187690964644234e-01 8.646213296235972789e-01
1.273996509598603888e-01 8.641892350060941252e-01
1.277802006105538402e-01 8.637573563279303812e-01
1.281604184829991111e-01 8.633256934811897043e-01
1.285403050108932521e-01 8.628942463580109301e-01
1.289198606271776959e-01 8.624630148505852967e-01
1.292990857640400337e-01 8.620319988511598863e-01
1.296779808529155698e-01 8.616011982520339618e-01
1.300565463244889031e-01 8.611706129455611869e-01
1.304347826086956486e-01 8.607402428241488490e-01
1.308126901347240190e-01 8.603100877802588586e-01
1.311902693310164902e-01 8.598801477064055288e-01
1.315675206252713836e-01 8.594504224951582394e-01
1.319444444444444475e-01 8.590209120391385511e-01
1.323210412147505233e-01 8.585916162310232025e-01
1.326973113616652100e-01 8.581625349635413347e-01
1.330732553099263082e-01 8.577336681294766008e-01
1.334488734835355406e-01 8.573050156216657225e-01
1.338241663057600506e-01 8.568765773329993785e-01
1.341991341991342068e-01 8.564483531564210939e-01
1.345737775854608520e-01 8.560203429849287948e-01
1.349480968858131624e-01 8.555925467115730321e-01
1.353220925205360914e-01 8.551649642294580911e-01
1.356957649092480622e-01 8.547375954317425473e-01
1.360691144708423284e-01 8.543104402116363794e-01
1.364421416234887774e-01 8.538834984624054103e-01
1.368148467846352911e-01 8.534567700773663113e-01
1.371872303710094942e-01 8.530302549498914866e-01
1.375592927986201142e-01 8.526039529734046329e-01
1.379310344827586465e-01 8.521778640413842920e-01
1.383024558380008540e-01 8.517519880473605198e-01
1.386735572782084314e-01 8.513263248849179954e-01
1.390443392165303660e-01 8.509008744476940223e-01
1.394148020654044917e-01 8.504756366293794168e-01
1.397849462365591267e-01 8.500506113237176198e-01
1.401547721410146274e-01 8.496257984245051409e-01
1.405242801890846660e-01 8.492011978255923355e-01
1.408934707903780337e-01 8.487768094208819614e-01
1.412623443537999179e-01 8.483526331043299562e-01
1.416309012875536510e-01 8.479286687699448821e-01
1.419991419991420145e-01 8.475049163117888140e-01
1.423670668953687934e-01 8.470813756239768955e-01
1.427346763823403308e-01 8.466580466006764505e-01
1.431019708654670264e-01 8.462349291361084269e-01
1.434689507494646687e-01 8.458120231245462861e-01
1.438356164383561842e-01 8.453893284603161140e-01
1.442019683354728299e-01 8.449668450377970652e-01
1.445680068434559429e-01 8.445445727514214740e-01
1.449337323642582442e-01 8.441225114956736331e-01
1.452991452991453103e-01 8.437006611650910148e-01
1.456642460486971269e-01 8.432790216542638273e-01
1.460290350128095604e-01 8.428575928578349030e-01
1.463935125906956902e-01 8.424363746704993661e-01
1.467576791808873904e-01 8.420153669870058533e-01
1.471215351812366623e-01 8.415945697021551819e-01
1.474850809889172998e-01 8.411739827107996836e-01
1.478483170004260827e-01 8.407536059078458690e-01
