> -W1p,blue
0.000000000000000000e+00 1.000000000000000000e+00
4.997501249375313264e-04 1.002221173383730957e+00
9.990009990009992170e-04 1.004442270701187301e+00
1.497753369945082269e-03 1.006663288916519017e+00
1.996007984031935960e-03 1.008884225009305302e+00
2.493765586034913089e-03 1.011105075974461753e+00
2.991026919242273374e-03 1.013325838822151548e+00
3.487792725460886652e-03 1.015546510577696848e+00
3.984063745019920250e-03 1.017767088281487542e+00
4.479840716774515300e-03 1.019987568988895088e+00
4.975124378109453509e-03 1.022207949770184365e+00
5.469915464942813957e-03 1.024428227710427075e+00
5.964214711729622087e-03 1.026648399909414699e+00
6.458022851465475278e-03 1.028868463481572793e+00
6.951340615690169283e-03 1.031088415555877935e+00
7.444168734491314263e-03 1.033308253275770916e+00
7.936507936507936067e-03 1.035527973799071688e+00
8.428358948934061914e-03 1.037747574297902098e+00
8.919722497522300855e-03 1.039967051958595290e+00
9.410599306587419041e-03 1.042186403981619325e+00
9.900990099009901110e-03 1.044405627581494356e+00
1.039089559623948729e-02 1.046624719986709362e+00
1.088031651829871396e-02 1.048843678439644878e+00
1.136925358378645425e-02 1.051062500196491722e+00
1.185770750988142386e-02 1.053281182527171067e+00
1.234567901234568006e-02 1.055499722715257160e+00
1.283316880552813621e-02 1.057718118057898504e+00
1.332017760236803121e-02 1.059936365865739916e+00
1.380670611439842148e-02 1.062154463462845699e+00
1.429275505174963136e-02 1.064372408186625041e+00
1.477832512315271039e-02 1.066590197387751404e+00
1.526341703594288370e-02 1.068807828430092810e+00
1.574803149606299191e-02 1.071025298690631233e+00
1.623216920806689820e-02 1.073242605559393326e+00
1.671583087512291260e-02 1.075459746439372477e+00
1.719901719901719903e-02 1.077676718746458651e+00
1.768172888015717356e-02 1.079893519909361554e+00
1.816396661757486639e-02 1.082110147369544251e+00
1.864573110893032529e-02 1.084326598581144108e+00
1.912702305051495674e-02 1.086542871010907296e+00
1.960784313725490169e-02 1.088758962138114628e+00
2.008819206271435578e-02 1.090974869454512719e+00
2.056807051909892436e-02 1.093190590464242939e+00
2.104747919725893229e-02 1.095406122683773020e+00
2.152641878669275810e-02 1.097621463641826889e+00
2.200488997555012302e-02 1.099836610879318499e+00
2.248289345063538697e-02 1.102051561949279668e+00
2.296042989741084450e-02 1.104266314416797679e+00
2.343750000000000000e-02 1.106480865858943563e+00
2.391410444119082546e-02 1.108695213864708151e+00
2.439024390243902871e-02 1.110909356034936124e+00
2.486591906387128348e-02 1.113123289982257180e+00
2.534113060428850109e-02 1.115337013331025418e+00
2.581587920116902232e-02 1.117550523717249611e+00
2.629016553067186138e-02 1.119763818788533261e+00
2.676399026763990122e-02 1.121976896204006424e+00
2.723735408560311322e-02 1.124189753634265765e+00
2.771025765678172131e-02 1.126402388761309492e+00
2.818270165208941122e-02 1.128614799278474301e+00
2.865468674113647377e-02 1.130826982890375643e+00
2.912621359223300718e-02 1.133038937312841998e+00
2.959728287239204308e-02 1.135250660272857814e+00
3.006789524733268978e-02 1.137462149508497777e+00
3.053805138148327561e-02 1.139673402768870636e+00
3.100775193798449569e-02 1.141884417814055919e+00
3.147699757869249632e-02 1.144095192415045981e+00
3.194578896418200087e-02 1.146305724353684719e+00
3.241412675374939767e-02 1.148516011422610283e+00
3.288201160541585899e-02 1.150726051425196461e+00
3.334944417593040805e-02 1.152935842175492498e+00
3.381642512077295132e-02 1.155145381498167145e+00
3.428295509415741488e-02 1.157354667228450928e+00
3.474903474903474898e-02 1.159563697212078193e+00
3.521466473709599504e-02 1.161772469305230926e+00
3.567984570877531098e-02 1.163980981374483470e+00
3.614457831325301046e-02 1.166189231296743900e+00
3.660886319845857440e-02 1.168397216959201401e+00
3.707270101107366239e-02 1.170604936259268758e+00
3.753609239653513119e-02 1.172812387104528842e+00
3.799903799903799756e-02 1.175019567412679544e+00
3.846153846153846367e-02 1.177226475111480264e+00
3.892359442575685224e-02 1.179433108138697062e+00
3.938520653218059719e-02 1.181639464442050036e+00
3.984637542006720656e-02 1.183845541979160032e+00
4.030710172744721848e-02 1.186051338717495574e+00
4.076738609112710160e-02 1.188256852634320904e+00
4.122722914669223887e-02 1.190462081716644027e+00
4.168663152850982101e-02 1.192667023961163864e+00
4.214559386973179556e-02 1.194871677374220953e+00
4.260411680229774650e-02 1.197076039971743944e+00
4.306220095693780170e-02 1.199280109779200965e+00
4.351984696317550555e-02 1.201483884831548110e+00
4.397705544933078192e-02 1.203687363173179037e+00
4.443382704252269583e-02 1.205890542857876779e+00
4.489016236867240245e-02 1.208093421948762680e+00
4.534606205250596433e-02 1.210295998518247984e+00
4.580152671755725186e-02 1.212498270647986098e+00
4.625655698617071876e-02 1.214700236428820634e+00
4.671115347950429569e-02 1.216901893960741443e+00
4.716531681753215882e-02 1.219103241352835099e+00
4.761904761904761640e-02 1.221304276723236493e+00
4.807234650166587742e-02 1.223504998199082650e+00
4.852521408182684098e-02 1.225705403916464986e+00
4.897765097479790664e-02 1.227905492020383127e+00
4.942965779467680537e-02 1.230105260664699163e+00
4.988123515439429889e-02 1.232304708012090133e+00
5.033238366571700373e-02 1.234503832234003839e+00
5.078310393925011129e-02 1.236702631510612216e+00
5.123339658444022587e-02 1.238901104030766032e+00
5.168326220957800143e-02 1.241099247991952037e+00
5.213270142180095185e-02 1.243297061600245446e+00
5.258171482709615707e-02 1.245494543070267301e+00
5.303030303030303177e-02 1.247691690625139849e+00
5.347846663511594822e-02 1.249888502496443898e+00
5.392620624408704655e-02 1.252084976924173976e+00
5.437352245862883682e-02 1.254281112156694800e+00
5.482041587901701624e-02 1.256476906450700426e+00
5.526688710439301572e-02 1.258672358071170283e+00
5.571293673276676850e-02 1.260867465291324763e+00
5.615856536101934693e-02 1.263062226392586362e+00
5.660377358490565475e-02 1.265256639664537053e+00
5.704856199905705000e-02 1.267450703404874979e+00
5.749293119698398180e-02 1.269644415919374714e+00
5.793688177107865489e-02 1.271837775521844849e+00
5.838041431261770109e-02 1.274030780534088469e+00
5.882352941176470507e-02 1.276223429285862521e+00
5.926622765757291050e-02 1.278415720114835619e+00
5.970850963798778055e-02 1.280607651366550304e+00
6.015037593984962072e-02 1.282799221394381295e+00
6.059182714889619487e-02 1.284990428559497300e+00
6.103286384976526480e-02 1.287181271230820601e+00
6.147348662599717850e-02 1.289371747784989308e+00
6.191369606003752080e-02 1.291561856606316283e+00
6.235349273323956970e-02 1.293751596086752498e+00
6.279287722586691933e-02 1.295940964625848846e+00
6.323185011709603343e-02 1.298129960630714841e+00
6.367041198501872945e-02 1.300318582515984422e+00
6.410856340664483621e-02 1.302506828703777320e+00
6.454630495790458777e-02 1.304694697623659305e+00
6.498363721365123247e-02 1.306882187712608223e+00
6.542056074766355867e-02 1.309069297414974908e+00
6.585707613264829563e-02 1.311256025182445661e+00
6.629318394024277805e-02 1.313442369474009386e+00
6.672888474101727752e-02 1.315628328755916732e+00
6.716417910447761153e-02 1.317813901501647456e+00
6.759906759906759988e-02 1.319999086191871784e+00
6.803355079217147938e-02 1.322183881314417553e+00
6.846762925011644352e-02 1.324368285364232234e+00
6.890130353817504327e-02 1.326552296843349188e+00
6.933457422056769903e-02 1.328735914260851692e+00
6.976744186046511531e-02 1.330919136132838743e+00
7.019990701999070937e-02 1.333101960982391532e+00
7.063197026022303981e-02 1.335284387339535694e+00
7.106363214119833238e-02 1.337466413741210003e+00
7.149489322191272811e-02 1.339648038731232615e+00
7.192575406032483687e-02 1.341829260860264661e+00
7.235621521335806883e-02 1.344010078685780041e+00
7.278627723690310469e-02 1.346190490772028792e+00
7.321594068582021331e-02 1.348370495690005111e+00
7.364520611394165250e-02 1.350550092017416270e+00
7.407407407407406996e-02 1.352729278338646202e+00
7.450254511800093182e-02 1.354908053244726407e+00
7.493061979648474313e-02 1.357086415333301321e+00
7.535829865926954585e-02 1.359264363208597448e+00
7.578558225508318091e-02 1.361441895481388498e+00
7.621247113163973075e-02 1.363619010768968742e+00
7.663896583564173970e-02 1.365795707695116601e+00
7.706506691278265653e-02 1.367971984890065995e+00
7.749077490774908261e-02 1.370147840990471932e+00
7.791609036422314505e-02 1.372323274639384749e+00
7.834101382488480037e-02 1.374498284486213029e+00
7.876554583141411048e-02 1.376672869186696957e+00
7.918968692449356028e-02 1.378847027402877901e+00
7.961343764381040300e-02 1.381020757803065546e+00
8.003679852805888062e-02 1.383194059061808368e+00
8.045977011494254150e-02 1.385366929859866536e+00
8.088235294117646079e-02 1.387539368884177282e+00
8.130454754248965521e-02 1.389711374827829804e+00
8.172635445362717854e-02 1.391882946390032405e+00
8.214777420835245314e-02 1.394054082276084738e+00
8.256880733944953199e-02 1.396224781197349607e+00
8.298945437872534692e-02 1.398395041871222322e+00
8.340971585701191515e-02 1.400564863021101614e+00
8.382959230416857366e-02 1.402734243376362988e+00
8.424908424908424120e-02 1.404903181672328527e+00
8.466819221967962494e-02 1.407071676650239578e+00
8.508691674290942697e-02 1.409239727057228109e+00
8.550525834476452314e-02 1.411407331646288288e+00
8.592321755027421126e-02 1.413574489176250504e+00
8.634079488350844545e-02 1.415741198411751389e+00
8.675799086757991774e-02 1.417907458123207620e+00
8.717480602464629247e-02 1.420073267086789270e+00
8.759124087591239893e-02 1.422238624084390279e+00
8.800729594163246572e-02 1.424403527903603583e+00
8.842297174111213298e-02 1.426567977337694249e+00
8.883826879271071453e-02 1.428731971185572158e+00
8.925318761384334887e-02 1.430895508251763149e+00
8.966772872098316416e-02 1.433058587346386803e+00
9.008189262966333211e-02 1.435221207285128475e+00
9.049567985447931617e-02 1.437383366889212422e+00
9.090909090909091161e-02 1.439545064985375600e+00
9.132212630622445204e-02 1.441706300405843688e+00
9.173478655767484946e-02 1.443867071988304440e+00
9.214707217430777308e-02 1.446027378575881928e+00
9.255898366606170324e-02 1.448187219017109451e+00
9.297052154195012408e-02 1.450346592165909776e+00
9.338168631006346643e-02 1.452505496881564273e+00
9.379247847757138379e-02 1.454663932028689599e+00
9.420289855072463969e-02 1.456821896477215494e+00
9.461294703485739754e-02 1.458979389102356583e+00
9.502262443438913575e-02 1.461136408784590834e+00
9.543193125282678491e-02 1.463292954409632474e+00
9.584086799276671231e-02 1.465449024868408667e+00
9.624943515589697018e-02 1.467604619057037096e+00
9.665763324299909975e-02 1.469759735876800200e+00
9.706546275395033785e-02 1.471914374234121636e+00
9.747292418772562916e-02 1.474068533040542750e+00
9.788001804239963854e-02 1.476222211212699476e+00
9.828674481514877714e-02 1.478375407672297026e+00
9.869310500225327021e-02 1.480528121346089465e+00
9.909909909909908610e-02 1.482680351165854615e+00
9.950472760018010121e-02 1.484832096068370966e+00
9.990999099909991799e-02 1.486983354995395690e+00
1.003148897885740021e-01 1.489134126893640886e+00
1.007194244604316530e-01 1.491284410714751596e+00
1.011235955056179747e-01 1.493434205415284044e+00
1.015274034141958742e-01 1.495583509956680768e+00
1.019308486753480042e-01 1.497732323305250191e+00
1.023339317773788032e-01 1.499880644432145527e+00
1.027366532077164663e-01 1.502028472313337915e+00
1.031390134529148045e-01 1.504175805929601983e+00
1.035410129986553268e-01 1.506322644266486099e+00
1.039426523297490995e-01 1.508468986314297933e+00
1.043439319301388279e-01 1.510614831068076702e+00
1.047448522829006329e-01 1.512760177527576744e+00
1.051454138702460905e-01 1.514905024697241753e+00
1.055456171735241477e-01 1.517049371586186801e+00
1.059454626732230648e-01 1.519193217208177016e+00
1.063449508489723028e-01 1.521336560581604491e+00
1.067440821795444528e-01 1.523479400729468525e+00
1.071428571428571230e-01 1.525621736679356077e+00
1.075412762159750069e-01 1.527763567463420014e+00
1.079393398751115063e-01 1.529904892118358228e+00
1.083370485956308554e-01 1.532045709685393664e+00
1.087344028520499245e-01 1.534186019210253882e+00
1.091314031180400795e-01 1.536325819743151522e+00
1.095280498664292085e-01 1.538465110338763209e+00
1.099243435692033866e-01 1.540603890056210012e+00
1.103202846975088885e-01 1.542742157959039462e+00
1.107158737216540623e-01 1.544879913115200898e+00
1.111111111111111049e-01 1.547017154597030819e+00
1.115059973345179922e-01 1.549153881481230455e+00
1.119005328596802962e-01 1.551290092848848667e+00
1.122947181535730032e-01 1.553425787785260637e+00
1.126885536823424988e-01 1.555560965380147875e+00
1.130820399113082048e-01 1.557695624727482242e+00
1.134751773049645363e-01 1.559829764925504181e+00
1.138679663269827197e-01 1.561963385076705180e+00
1.142604074402125830e-01 1.564096484287808675e+00
1.146525011066843874e-01 1.566229061669750067e+00
1.150442477876106318e-01 1.568361116337660954e+00
1.154356479433878840e-01 1.570492647410845821e+00
1.158267020335985859e-01 1.572623654012770933e+00
1.162174105170128285e-01 1.574754135271038358e+00
1.166077738515901019e-01 1.576884090317372200e+00
1.169977924944812370e-01 1.579013518287599727e+00
1.173874669020300160e-01 1.581142418321632270e+00
1.177767975297750458e-01 1.583270789563448799e+00
1.181657848324515203e-01 1.585398631161076155e+00
1.185544292639929553e-01 1.587525942266573509e+00
1.189427312775330481e-01 1.589652722036013710e+00
1.193306913254073287e-01 1.591778969629463969e+00
1.197183098591549227e-01 1.593904684210972533e+00
1.201055873295204662e-01 1.596029864948547150e+00
1.204925241864555907e-01 1.598154511014139967e+00
1.208791208791208938e-01 1.600278621583628880e+00
1.212653778558875489e-01 1.602402195836803767e+00
1.216512955643390403e-01 1.604525232957343839e+00
1.220368744512730502e-01 1.606647732132808093e+00
1.224221149627029576e-01 1.608769692554609332e+00
1.228070175438596423e-01 1.610891113418007281e+00
1.231915826391933450e-01 1.613011993922083498e+00
1.235758106923751237e-01 1.615132333269731157e+00
1.239597021462987420e-01 1.617252130667633070e+00
> -W1p,0/125/0
0.000000000000000000e+00 1.000000000000000000e+00
4.997501249375313264e-04 1.000316640551974556e+00
9.990009990009992170e-04 1.000631881109126597e+00
1.497753369945082269e-03 1.000945726062698604e+00
1.996007984031935960e-03 1.001258179785032842e+00
2.493765586034913089e-03 1.001569246629678389e+00
2.991026919242273374e-03 1.001878930931500822e+00
3.487792725460886652e-03 1.002187237006791021e+00
3.984063745019920250e-03 1.002494169153368864e+00
4.479840716774515300e-03 1.002799731650691806e+00
4.975124378109453509e-03 1.003103928759960128e+00
5.469915464942813957e-03 1.003406764724220412e+00
5.964214711729622087e-03 1.003708243768469677e+00
6.458022851465475278e-03 1.004008370099758185e+00
6.951340615690169283e-03 1.004307147907293585e+00
7.444168734491314263e-03 1.004604581362540161e+00
7.936507936507936067e-03 1.004900674619320089e+00
8.428358948934061914e-03 1.005195431813916906e+00
8.919722497522300855e-03 1.005488857065169661e+00
9.410599306587419041e-03 1.005780954474575273e+00
9.900990099009901110e-03 1.006071728126386899e+00
1.039089559623948729e-02 1.006361182087708750e+00
1.088031651829871396e-02 1.006649320408594894e+00
1.136925358378645425e-02 1.006936147122145186e+00
1.185770750988142386e-02 1.007221666244599190e+00
1.234567901234568006e-02 1.007505881775432766e+00
1.283316880552813621e-02 1.007788797697450667e+00
1.332017760236803121e-02 1.008070417976880240e+00
1.380670611439842148e-02 1.008350746563464240e+00
1.429275505174963136e-02 1.008629787390554089e+00
1.477832512315271039e-02 1.008907544375198473e+00
1.526341703594288370e-02 1.009184021418238153e+00
1.574803149606299191e-02 1.009459222404391676e+00
1.623216920806689820e-02 1.009733151202348855e+00
1.671583087512291260e-02 1.010005811664856257e+00
1.719901719901719903e-02 1.010277207628809792e+00
1.768172888015717356e-02 1.010547342915336433e+00
1.816396661757486639e-02 1.010816221329888576e+00
1.864573110893032529e-02 1.011083846662323316e+00
1.912702305051495674e-02 1.011350222686994593e+00
1.960784313725490169e-02 1.011615353162834019e+00
2.008819206271435578e-02 1.011879241833437693e+00
2.056807051909892436e-02 1.012141892427150136e+00
2.104747919725893229e-02 1.012403308657147560e+00
2.152641878669275810e-02 1.012663494221520466e+00
2.200488997555012302e-02 1.012922452803358020e+00
2.248289345063538697e-02 1.013180188070827104e+00
2.296042989741084450e-02 1.013436703677255579e+00
2.343750000000000000e-02 1.013692003261213115e+00
2.391410444119082546e-02 1.013946090446589121e+00
2.439024390243902871e-02 1.014198968842676463e+00
2.486591906387128348e-02 1.014450642044246287e+00
2.534113060428850109e-02 1.014701113631629736e+00
2.581587920116902232e-02 1.014950387170793888e+00
2.629016553067186138e-02 1.015198466213421247e+00
2.676399026763990122e-02 1.015445354296985236e+00
2.723735408560311322e-02 1.015691054944827254e+00
2.771025765678172131e-02 1.015935571666233050e+00
2.818270165208941122e-02 1.016178907956506894e+00
2.865468674113647377e-02 1.016421067297049063e+00
2.912621359223300718e-02 1.016662053155426904e+00
2.959728287239204308e-02 1.016901868985451651e+00
3.006789524733268978e-02 1.017140518227249935e+00
3.053805138148327561e-02 1.017378004307339046e+00
3.100775193798449569e-02 1.017614330638696440e+00
3.147699757869249632e-02 1.017849500620834569e+00
3.194578896418200087e-02 1.018083517639870594e+00
3.241412675374939767e-02 1.018316385068597674e+00
3.288201160541585899e-02 1.018548106266557340e+00
3.334944417593040805e-02 1.018778684580106786e+00
3.381642512077295132e-02 1.019008123342490135e+00
3.428295509415741488e-02 1.019236425873908392e+00
3.474903474903474898e-02 1.019463595481586049e+00
3.521466473709599504e-02 1.019689635459840593e+00
3.567984570877531098e-02 1.019914549090151334e+00
3.614457831325301046e-02 1.020138339641224690e+00
3.660886319845857440e-02 1.020361010369062571e+00
3.707270101107366239e-02 1.020582564517028556e+00
3.753609239653513119e-02 1.020803005315913392e+00
3.799903799903799756e-02 1.021022335984002272e+00
3.846153846153846367e-02 1.021240559727137676e+00
3.892359442575685224e-02 1.021457679738785762e+00
3.938520653218059719e-02 1.021673699200100760e+00
3.984637542006720656e-02 1.021888621279987808e+00
4.030710172744721848e-02 1.022102449135167568e+00
4.076738609112710160e-02 1.022315185910239510e+00
4.122722914669223887e-02 1.022526834737742751e+00
4.168663152850982101e-02 1.022737398738220671e+00
4.214559386973179556e-02 1.022946881020280863e+00
4.260411680229774650e-02 1.023155284680658417e+00
4.306220095693780170e-02 1.023362612804275873e+00
4.351984696317550555e-02 1.023568868464304060e+00
4.397705544933078192e-02 1.023774054722222493e+00
4.443382704252269583e-02 1.023978174627879101e+00
4.489016236867240245e-02 1.024181231219550181e+00
4.534606205250596433e-02 1.024383227523999906e+00
4.580152671755725186e-02 1.024584166556538056e+00
4.625655698617071876e-02 1.024784051321078415e+00
4.671115347950429569e-02 1.024982884810197836e+00
4.716531681753215882e-02 1.025180670005193306e+00
4.761904761904761640e-02 1.025377409876139012e+00
4.807234650166587742e-02 1.025573107381944515e+00
4.852521408182684098e-02 1.025767765470409154e+00
4.897765097479790664e-02 1.025961387078279108e+00
4.942965779467680537e-02 1.026153975131304907e+00
4.988123515439429889e-02 1.026345532544294503e+00
5.033238366571700373e-02 1.026536062221169887e+00
5.078310393925011129e-02 1.026725567055021715e+00
5.123339658444022587e-02 1.026914049928162154e+00
5.168326220957800143e-02 1.027101513712182168e+00
5.213270142180095185e-02 1.027287961268002148e+00
5.258171482709615707e-02 1.027473395445926529e+00
5.303030303030303177e-02 1.027657819085697755e+00
5.347846663511594822e-02 1.027841235016547561e+00
5.392620624408704655e-02 1.028023646057250051e+00
5.437352245862883682e-02 1.028205055016173208e+00
5.482041587901701624e-02 1.028385464691333295e+00
5.526688710439301572e-02 1.028564877870442817e+00
5.571293673276676850e-02 1.028743297330962037e+00
5.615856536101934693e-02 1.028920725840152040e+00
5.660377358490565475e-02 1.029097166155123810e+00
5.704856199905705000e-02 1.029272621022888412e+00
5.749293119698398180e-02 1.029447093180407169e+00
5.793688177107865489e-02 1.029620585354639850e+00
5.838041431261770109e-02 1.029793100262597294e+00
5.882352941176470507e-02 1.029964640611386706e+00
5.926622765757291050e-02 1.030135209098260729e+00
5.970850963798778055e-02 1.030304808410668960e+00
6.015037593984962072e-02 1.030473441226302578e+00
6.059182714889619487e-02 1.030641110213142531e+00
6.103286384976526480e-02 1.030807818029509271e+00
6.147348662599717850e-02 1.030973567324108053e+00
6.191369606003752080e-02 1.031138360736075121e+00
6.235349273323956970e-02 1.031302200895025667e+00
6.279287722586691933e-02 1.031465090421100683e+00
6.323185011709603343e-02 1.031627031925010485e+00
6.367041198501872945e-02 1.031788028008083113e+00
6.410856340664483621e-02 1.031948081262308969e+00
6.454630495790458777e-02 1.032107194270384110e+00
6.498363721365123247e-02 1.032265369605757765e+00
6.542056074766355867e-02 1.032422609832675642e+00
6.585707613264829563e-02 1.032578917506224325e+00
6.629318394024277805e-02 1.032734295172375916e+00
6.672888474101727752e-02 1.032888745368030881e+00
6.716417910447761153e-02 1.033042270621062908e+00
6.759906759906759988e-02 1.033194873450360651e+00
6.803355079217147938e-02 1.033346556365872360e+00
6.846762925011644352e-02 1.033497321868647623e+00
6.890130353817504327e-02 1.033647172450879781e+00
6.933457422056769903e-02 1.033796110595948559e+00
6.976744186046511531e-02 1.033944138778462474e+00
7.019990701999070937e-02 1.034091259464299695e+00
7.063197026022303981e-02 1.034237475110650228e+00
7.106363214119833238e-02 1.034382788166055889e+00
7.149489322191272811e-02 1.034527201070454039e+00
7.192575406032483687e-02 1.034670716255214895e+00
7.235621521335806883e-02 1.034813336143185047e+00
7.278627723690310469e-02 1.034955063148725873e+00
7.321594068582021331e-02 1.035095899677753506e+00
7.364520611394165250e-02 1.035235848127781244e+00
7.407407407407406996e-02 1.035374910887953970e+00
7.450254511800093182e-02 1.035513090339093445e+00
7.493061979648474313e-02 1.035650388853732951e+00
7.535829865926954585e-02 1.035786808796158809e+00
7.578558225508318091e-02 1.035922352522446133e+00
7.621247113163973075e-02 1.036057022380501236e+00
7.663896583564173970e-02 1.036190820710096272e+00
7.706506691278265653e-02 1.036323749842909203e+00
7.749077490774908261e-02 1.036455812102559326e+00
7.791609036422314505e-02 1.036587009804648352e+00
7.834101382488480037e-02 1.036717345256794598e+00
7.876554583141411048e-02 1.036846820758670074e+00
7.918968692449356028e-02 1.036975438602040223e+00
7.961343764381040300e-02 1.037103201070797232e+00
8.003679852805888062e-02 1.037230110440998221e+00
8.045977011494254150e-02 1.037356168980901661e+00
8.088235294117646079e-02 1.037481378951001565e+00
8.130454754248965521e-02 1.037605742604065240e+00
8.172635445362717854e-02 1.037729262185168588e+00
8.214777420835245314e-02 1.037851939931729195e+00
8.256880733944953199e-02 1.037973778073545184e+00
8.298945437872534692e-02 1.038094778832827414e+00
8.340971585701191515e-02 1.038214944424235009e+00
8.382959230416857366e-02 1.038334277054910437e+00
8.424908424908424120e-02 1.038452778924512820e+00
8.466819221967962494e-02 1.038570452225252572e+00
8.508691674290942697e-02 1.038687299141926923e+00
8.550525834476452314e-02 1.038803321851949679e+00
8.592321755027421126e-02 1.038918522525389632e+00
8.634079488350844545e-02 1.039032903325000534e+00
8.675799086757991774e-02 1.039146466406255298e+00
8.717480602464629247e-02 1.039259213917379965e+00
8.759124087591239893e-02 1.039371147999384348e+00
8.800729594163246572e-02 1.039482270786096452e+00
8.842297174111213298e-02 1.039592584404194664e+00
8.883826879271071453e-02 1.039702090973240400e+00
8.925318761384334887e-02 1.039810792605706746e+00
8.966772872098316416e-02 1.039918691407015983e+00
9.008189262966333211e-02 1.040025789475566675e+00
9.049567985447931617e-02 1.040132088902767871e+00
9.090909090909091161e-02 1.040237591773068626e+00
9.132212630622445204e-02 1.040342300163989986e+00
9.173478655767484946e-02 1.040446216146156511e+00
9.214707217430777308e-02 1.040549341783326920e+00
9.255898366606170324e-02 1.040651679132422514e+00
9.297052154195012408e-02 1.040753230243561145e+00
9.338168631006346643e-02 1.040853997160085642e+00
9.379247847757138379e-02 1.040953981918592675e+00
9.420289855072463969e-02 1.041053186548966281e+00
9.461294703485739754e-02 1.041151613074403404e+00
9.502262443438913575e-02 1.041249263511447420e+00
9.543193125282678491e-02 1.041346139870014786e+00
9.584086799276671231e-02 1.041442244153425012e+00
9.624943515589697018e-02 1.041537578358430860e+00
9.665763324299909975e-02 1.041632144475246102e+00
9.706546275395033785e-02 1.041725944487575051e+00
9.747292418772562916e-02 1.041818980372640313e+00
9.788001804239963854e-02 1.041911254101212325e+00
9.828674481514877714e-02 1.042002767637636884e+00
9.869310500225327021e-02 1.042093522939864236e+00
9.909909909909908610e-02 1.042183521959475279e+00
9.950472760018010121e-02 1.042272766641711090e+00
9.990999099909991799e-02 1.042361258925500911e+00
1.003148897885740021e-01 1.042449000743487675e+00
1.007194244604316530e-01 1.042535994022057100e+00
1.011235955056179747e-01 1.042622240681364776e+00
1.015274034141958742e-01 1.042707742635362367e+00
1.019308486753480042e-01 1.042792501791824922e+00
1.023339317773788032e-01 1.042876520052378853e+00
1.027366532077164663e-01 1.042959799312525915e+00
1.031390134529148045e-01 1.043042341461673184e+00
1.035410129986553268e-01 1.043124148383156147e+00
1.039426523297490995e-01 1.043205221954267348e+00
1.043439319301388279e-01 1.043285564046280367e+00
1.047448522829006329e-01 1.043365176524478022e+00
1.051454138702460905e-01 1.043444061248175903e+00
1.055456171735241477e-01 1.043522220070749240e+00
1.059454626732230648e-01 1.043599654839658886e+00
1.063449508489723028e-01 1.043676367396475069e+00
1.067440821795444528e-01 1.043752359576904265e+00
1.071428571428571230e-01 1.043827633210812733e+00
1.075412762159750069e-01 1.043902190122253826e+00
1.079393398751115063e-01 1.043976032129489306e+00
1.083370485956308554e-01 1.044049161045017549e+00
1.087344028520499245e-01 1.044121578675595519e+00
1.091314031180400795e-01 1.044193286822264755e+00
1.095280498664292085e-01 1.044264287280374681e+00
1.099243435692033866e-01 1.044334581839607923e+00
1.103202846975088885e-01 1.044404172284003396e+00
1.107158737216540623e-01 1.044473060391979624e+00
1.111111111111111049e-01 1.044541247936359607e+00
1.115059973345179922e-01 1.044608736684394135e+00
1.119005328596802962e-01 1.044675528397786213e+00
1.122947181535730032e-01 1.044741624832712823e+00
1.126885536823424988e-01 1.044807027739847571e+00
1.130820399113082048e-01 1.044871738864387334e+00
1.134751773049645363e-01 1.044935759946071574e+00
1.138679663269827197e-01 1.044999092719207212e+00
1.142604074402125830e-01 1.045061738912691496e+00
1.146525011066843874e-01 1.045123700250032650e+00
1.150442477876106318e-01 1.045184978449375635e+00
1.154356479433878840e-01 1.045245575223520795e+00
1.158267020335985859e-01 1.045305492279949622e+00
1.162174105170128285e-01 1.045364731320844731e+00
1.166077738515901019e-01 1.045423294043112072e+00
1.169977924944812370e-01 1.045481182138404463e+00
1.173874669020300160e-01 1.045538397293141575e+00
1.177767975297750458e-01 1.045594941188532800e+00
1.181657848324515203e-01 1.045650815500597686e+00
1.185544292639929553e-01 1.045706021900189020e+00
1.189427312775330481e-01 1.045760562053013043e+00
1.193306913254073287e-01 1.045814437619650539e+00
1.197183098591549227e-01 1.045867650255579262e+00
1.201055873295204662e-01 1.045920201611193256e+00
1.204925241864555907e-01 1.045972093331824837e+00
1.208791208791208938e-01 1.046023327057765462e+00
1.212653778558875489e-01 1.046073904424286383e+00
1.216512955643390403e-01 1.046123827061658629e+00
1.220368744512730502e-01 1.046173096595174323e+00
1.224221149627029576e-01 1.046221714645165779e+00
1.228070175438596423e-01 1.046269682827027925e+00
1.231915826391933450e-01 1.046317002751235403e+00
1.235758106923751237e-01 1.046363676023367439e+00
1.239597021462987420e-01 1.046409704244120942e+00
> -W1p,red
0.000000000000000000e+00 1.000000000000000000e+00
4.997501249375313264e-04 9.999241278390774701e-01
9.990009990009992170e-04 9.998483361350507526e-01
1.497753369945082269e-03 9.997726247212455064e-01
1.996007984031935960e-03 9.996969934316434214e-01
2.493765586034913089e-03 9.996214421008768891e-01
2.991026919242273374e-03 9.995459705642277815e-01
3.487792725460886652e-03 9.994705786576221218e-01
3.984063745019920250e-03 9.993952662176261992e-01
4.479840716774515300e-03 9.993200330814435706e-01
4.975124378109453509e-03 9.992448790869119524e-01
5.469915464942813957e-03 9.991698040724987795e-01
5.964214711729622087e-03 9.990948078772978747e-01
6.458022851465475278e-03 9.990198903410250075e-01
6.951340615690169283e-03 9.989450513040173396e-01
7.444168734491314263e-03 9.988702906072267629e-01
7.936507936507936067e-03 9.987956080922162361e-01
8.428358948934061914e-03 9.987210036011604508e-01
8.919722497522300855e-03 9.986464769768377270e-01
9.410599306587419041e-03 9.985720280626289025e-01
9.900990099009901110e-03 9.984976567025145577e-01
1.039089559623948729e-02 9.984233627410696865e-01
1.088031651829871396e-02 9.983491460234616977e-01
1.136925358378645425e-02 9.982750063954474173e-01
1.185770750988142386e-02 9.982009437033683152e-01
1.234567901234568006e-02 9.981269577941492832e-01
1.283316880552813621e-02 9.980530485152934173e-01
1.332017760236803121e-02 9.979792157148803522e-01
1.380670611439842148e-02 9.979054592415619318e-01
1.429275505174963136e-02 9.978317789445604324e-01
1.477832512315271039e-02 9.977581746736632340e-01
1.526341703594288370e-02 9.976846462792231529e-01
1.574803149606299191e-02 9.976111936121508927e-01
1.623216920806689820e-02 9.975378165239154882e-01
1.671583087512291260e-02 9.974645148665398642e-01
1.719901719901719903e-02 9.973912884925990596e-01
1.768172888015717356e-02 9.973181372552136770e-01
1.816396661757486639e-02 9.972450610080528799e-01
1.864573110893032529e-02 9.971720596053247343e-01
1.912702305051495674e-02 9.970991329017783178e-01
1.960784313725490169e-02 9.970262807526985016e-01
2.008819206271435578e-02 9.969535030139033971e-01
2.056807051909892436e-02 9.968807995417413581e-01
2.104747919725893229e-02 9.968081701930894267e-01
2.152641878669275810e-02 9.967356148253475601e-01
2.200488997555012302e-02 9.966631332964394074e-01
2.248289345063538697e-02 9.965907254648063152e-01
2.296042989741084450e-02 9.965183911894072155e-01
2.343750000000000000e-02 9.964461303297137418e-01
2.391410444119082546e-02 9.963739427457078968e-01
2.439024390243902871e-02 9.963018282978814977e-01
2.486591906387128348e-02 9.962297868472296258e-01
2.534113060428850109e-02 9.961578182552514038e-01
2.581587920116902232e-02 9.960859223839454435e-01
2.629016553067186138e-02 9.960140990958077367e-01
2.676399026763990122e-02 9.959423482538288797e-01
2.723735408560311322e-02 9.958706697214910752e-01
2.771025765678172131e-02 9.957990633627672450e-01
2.818270165208941122e-02 9.957275290421153668e-01
2.865468674113647377e-02 9.956560666244796964e-01
2.912621359223300718e-02 9.955846759752844388e-01
2.959728287239204308e-02 9.955133569604338595e-01
3.006789524733268978e-02 9.954421094463086206e-01
3.053805138148327561e-02 9.953709332997641157e-01
3.100775193798449569e-02 9.952998283881262509e-01
3.147699757869249632e-02 9.952287945791914447e-01
3.194578896418200087e-02 9.951578317412217434e-01
3.241412675374939767e-02 9.950869397429439323e-01
3.288201160541585899e-02 9.950161184535472048e-01
3.334944417593040805e-02 9.949453677426794984e-01
3.381642512077295132e-02 9.948746874804457185e-01
3.428295509415741488e-02 9.948040775374065170e-01
3.474903474903474898e-02 9.947335377845738513e-01
3.521466473709599504e-02 9.946630680934097635e-01
3.567984570877531098e-02 9.945926683358250475e-01
3.614457831325301046e-02 9.945223383841741427e-01
3.660886319845857440e-02 9.944520781112563546e-01
3.707270101107366239e-02 9.943818873903105260e-01
3.753609239653513119e-02 9.943117660950143710e-01
3.799903799903799756e-02 9.942417140994820324e-01
3.846153846153846367e-02 9.941717312782616389e-01
3.892359442575685224e-02 9.941018175063328632e-01
3.938520653218059719e-02 9.940319726591054783e-01
3.984637542006720656e-02 9.939621966124162489e-01
4.030710172744721848e-02 9.938924892425270441e-01
4.076738609112710160e-02 9.938228504261232832e-01
4.122722914669223887e-02 9.937532800403110489e-01
4.168663152850982101e-02 9.936837779626150891e-01
4.214559386973179556e-02 9.936143440709768182e-01
4.260411680229774650e-02 9.935449782437525412e-01
4.306220095693780170e-02 9.934756803597105668e-01
4.351984696317550555e-02 9.934064502980298750e-01
4.397705544933078192e-02 9.933372879382971199e-01
4.443382704252269583e-02 9.932681931605059633e-01
4.489016236867240245e-02 9.931991658450537441e-01
4.534606205250596433e-02 9.931302058727401461e-01
4.580152671755725186e-02 9.930613131247657543e-01
4.625655698617071876e-02 9.929924874827276149e-01
4.671115347950429569e-02 9.929237288286196783e-01
4.716531681753215882e-02 9.928550370448305795e-01
4.761904761904761640e-02 9.927864120141408621e-01
4.807234650166587742e-02 9.927178536197209802e-01
4.852521408182684098e-02 9.926493617451301876e-01
4.897765097479790664e-02 9.925809362743134301e-01
4.942965779467680537e-02 9.925125770916010115e-01
4.988123515439429889e-02 9.924442840817045974e-01
5.033238366571700373e-02 9.923760571297178812e-01
5.078310393925011129e-02 9.923078961211123650e-01
5.123339658444022587e-02 9.922398009417364717e-01
5.168326220957800143e-02 9.921717714778144348e-01
5.213270142180095185e-02 9.921038076159431895e-01
5.258171482709615707e-02 9.920359092430904857e-01
5.303030303030303177e-02 9.919680762465943324e-01
5.347846663511594822e-02 9.919003085141608889e-01
5.392620624408704655e-02 9.918326059338614664e-01
5.437352245862883682e-02 9.917649683941314187e-01
5.482041587901701624e-02 9.916973957837690312e-01
5.526688710439301572e-02 9.916298879919333009e-01
5.571293673276676850e-02 9.915624449081414937e-01
5.615856536101934693e-02 9.914950664222677013e-01
5.660377358490565475e-02 9.914277524245428408e-01
5.704856199905705000e-02 9.913605028055501034e-01
5.749293119698398180e-02 9.912933174562251759e-01
5.793688177107865489e-02 9.912261962678536875e-01
5.838041431261770109e-02 9.911591391320703215e-01
5.882352941176470507e-02 9.910921459408562617e-01
5.926622765757291050e-02 9.910252165865378604e-01
5.970850963798778055e-02 9.909583509617854169e-01
6.015037593984962072e-02 9.908915489596101800e-01
6.059182714889619487e-02 9.908248104733647921e-01
6.103286384976526480e-02 9.907581353967399584e-01
6.147348662599717850e-02 9.906915236237635591e-01
6.191369606003752080e-02 9.906249750487982064e-01
6.235349273323956970e-02 9.905584895665409118e-01
6.279287722586691933e-02 9.904920670720218645e-01
6.323185011709603343e-02 9.904257074605994360e-01
6.367041198501872945e-02 9.903594106279629550e-01
6.410856340664483621e-02 9.902931764701291550e-01
6.454630495790458777e-02 9.902270048834399541e-01
6.498363721365123247e-02 9.901608957645618991e-01
6.542056074766355867e-02 9.900948490104848343e-01
6.585707613264829563e-02 9.900288645185190139e-01
6.629318394024277805e-02 9.899629421862956580e-01
6.672888474101727752e-02 9.898970819117637321e-01
6.716417910447761153e-02 9.898312835931890596e-01
6.759906759906759988e-02 9.897655471291525453e-01
6.803355079217147938e-02 9.896998724185496199e-01
6.846762925011644352e-02 9.896342593605877980e-01
6.890130353817504327e-02 9.895687078547852344e-01
6.933457422056769903e-02 9.895032178009697255e-01
6.976744186046511531e-02 9.894377890992771540e-01
7.019990701999070937e-02 9.893724216501506019e-01
7.063197026022303981e-02 9.893071153543374630e-01
7.106363214119833238e-02 9.892418701128888880e-01
7.149489322191272811e-02 9.891766858271592300e-01
7.192575406032483687e-02 9.891115623988026018e-01
7.235621521335806883e-02 9.890464997297743199e-01
7.278627723690310469e-02 9.889814977223263526e-01
7.321594068582021331e-02 9.889165562790078745e-01
7.364520611394165250e-02 9.888516753026644901e-01
7.407407407407406996e-02 9.887868546964341254e-01
7.450254511800093182e-02 9.887220943637489157e-01
7.493061979648474313e-02 9.886573942083318745e-01
7.535829865926954585e-02 9.885927541341964497e-01
7.578558225508318091e-02 9.885281740456433042e-01
7.621247113163973075e-02 9.884636538472624245e-01
7.663896583564173970e-02 9.883991934439291249e-01
7.706506691278265653e-02 9.883347927408039357e-01
7.749077490774908261e-02 9.882704516433292730e-01
7.791609036422314505e-02 9.882061700572321028e-01
7.834101382488480037e-02 9.881419478885185015e-01
7.876554583141411048e-02 9.880777850434747656e-01
7.918968692449356028e-02 9.880136814286660796e-01
7.961343764381040300e-02 9.879496369509342957e-01
8.003679852805888062e-02 9.878856515173968234e-01
8.045977011494254150e-02 9.878217250354469625e-01
8.088235294117646079e-02 9.877578574127496847e-01
8.130454754248965521e-02 9.876940485572430761e-01
8.172635445362717854e-02 9.876302983771365618e-01
8.214777420835245314e-02 9.875666067809081294e-01
8.256880733944953199e-02 9.875029736773056621e-01
8.298945437872534692e-02 9.874393989753434964e-01
8.340971585701191515e-02 9.873758825843020892e-01
8.382959230416857366e-02 9.873124244137273520e-01
8.424908424908424120e-02 9.872490243734284299e-01
8.466819221967962494e-02 9.871856823734771469e-01
8.508691674290942697e-02 9.871223983242073396e-01
8.550525834476452314e-02 9.870591721362118598e-01
8.592321755027421126e-02 9.869960037203440173e-01
8.634079488350844545e-02 9.869328929877145828e-01
8.675799086757991774e-02 9.868698398496904556e-01
8.717480602464629247e-02 9.868068442178955513e-01
8.759124087591239893e-02 9.867439060042070276e-01
8.800729594163246572e-02 9.866810251207563942e-01
8.842297174111213298e-02 9.866182014799269595e-01
8.883826879271071453e-02 9.865554349943542745e-01
8.925318761384334887e-02 9.864927255769220249e-01
8.966772872098316416e-02 9.864300731407644740e-01
9.008189262966333211e-02 9.863674775992632426e-01
9.049567985447931617e-02 9.863049388660475314e-01
9.090909090909091161e-02 9.862424568549912340e-01
9.132212630622445204e-02 9.861800314802132705e-01
9.173478655767484946e-02 9.861176626560769209e-01
9.214707217430777308e-02 9.860553502971871609e-01
9.255898366606170324e-02 9.859930943183904395e-01
9.297052154195012408e-02 9.859308946347745684e-01
9.338168631006346643e-02 9.858687511616661681e-01
9.379247847757138379e-02 9.858066638146295579e-01
9.420289855072463969e-02 9.857446325094680883e-01
9.461294703485739754e-02 9.856826571622201438e-01
9.502262443438913575e-02 9.856207376891599203e-01
9.543193125282678491e-02 9.855588740067960929e-01
9.584086799276671231e-02 9.854970660318697062e-01
9.624943515589697018e-02 9.854353136813551739e-01
9.665763324299909975e-02 9.853736168724580580e-01
9.706546275395033785e-02 9.853119755226136256e-01
9.747292418772562916e-02 9.852503895494868491e-01
9.788001804239963854e-02 9.851888588709714067e-01
9.828674481514877714e-02 9.851273834051873513e-01
9.869310500225327021e-02 9.850659630704823311e-01
9.909909909909908610e-02 9.850045977854285928e-01
9.950472760018010121e-02 9.849432874688232031e-01
9.990999099909991799e-02 9.848820320396868278e-01
1.003148897885740021e-01 9.848208314172626210e-01
1.007194244604316530e-01 9.847596855210151157e-01
1.011235955056179747e-01 9.846985942706304451e-01
1.015274034141958742e-01 9.846375575860133456e-01
1.019308486753480042e-01 9.845765753872877113e-01
1.023339317773788032e-01 9.845156475947967056e-01
1.027366532077164663e-01 9.844547741290979870e-01
1.031390134529148045e-01 9.843939549109680387e-01
1.035410129986553268e-01 9.843331898613963959e-01
1.039426523297490995e-01 9.842724789015881992e-01
1.043439319301388279e-01 9.842118219529610856e-01
1.047448522829006329e-01 9.841512189371461883e-01
1.051454138702460905e-01 9.840906697759853605e-01
1.055456171735241477e-01 9.840301743915315091e-01
1.059454626732230648e-01 9.839697327060475951e-01
1.063449508489723028e-01 9.839093446420053013e-01
1.067440821795444528e-01 9.838490101220844775e-01
1.071428571428571230e-01 9.837887290691723630e-01
1.075412762159750069e-01 9.837285014063628097e-01
1.079393398751115063e-01 9.836683270569545057e-01
1.083370485956308554e-01 9.836082059444513082e-01
1.087344028520499245e-01 9.835481379925610224e-01
1.091314031180400795e-01 9.834881231251944023e-01
1.095280498664292085e-01 9.834281612664640404e-01
1.099243435692033866e-01 9.833682523406842568e-01
1.103202846975088885e-01 9.833083962723700999e-01
1.107158737216540623e-01 9.832485929862354590e-01
1.111111111111111049e-01 9.831888424071939525e-01
1.115059973345179922e-01 9.831291444603562635e-01
1.119005328596802962e-01 9.830694990710318049e-01
1.122947181535730032e-01 9.830099061647254999e-01
1.126885536823424988e-01 9.829503656671376710e-01
1.130820399113082048e-01 9.828908775041643731e-01
1.134751773049645363e-01 9.828314416018948396e-01
1.138679663269827197e-01 9.827720578866121492e-01
1.142604074402125830e-01 9.827127262847917821e-01
1.146525011066843874e-01 9.826534467231007319e-01
1.150442477876106318e-01 9.825942191283972837e-01
1.154356479433878840e-01 9.825350434277291267e-01
1.158267020335985859e-01 9.824759195483343532e-01
1.162174105170128285e-01 9.824168474176392385e-01
1.166077738515901019e-01 9.823578269632572413e-01
1.169977924944812370e-01 9.822988581129905583e-01
1.173874669020300160e-01 9.822399407948262384e-01
1.177767975297750458e-01 9.821810749369377369e-01
1.181657848324515203e-01 9.821222604676825840e-01
1.185544292639929553e-01 9.820634973156036063e-01
1.189427312775330481e-01 9.820047854094267059e-01
1.193306913254073287e-01 9.819461246780595287e-01
1.197183098591549227e-01 9.818875150505931293e-01
1.201055873295204662e-01 9.818289564562985294e-01
1.204925241864555907e-01 9.817704488246279393e-01
1.208791208791208938e-01 9.817119920852128701e-01
1.212653778558875489e-01 9.816535861678643560e-01
1.216512955643390403e-01 9.815952310025715111e-01
1.220368744512730502e-01 9.815369265195018622e-01
1.224221149627029576e-01 9.814786726489982405e-01
1.228070175438596423e-01 9.814204693215814457e-01
1.231915826391933450e-01 9.813623164679466937e-01
1.235758106923751237e-01 9.813042140189655038e-01
1.239597021462987420e-01 9.812461619056812578e-01
> -W1p,darkgrey
0.000000000000000000e+00 1.000000000000000000e+00
4.997501249375313264e-04 9.995002498750625852e-01
9.990009990009992170e-04 9.990007495003124793e-01
1.497753369945082269e-03 9.985014987509368556e-01
1.996007984031935960e-03 9.980024975021859479e-01
2.493765586034913089e-03 9.975037456293709415e-01
2.991026919242273374e-03 9.970052430078668593e-01
3.487792725460886652e-03 9.965069895131105637e-01
3.984063745019920250e-03 9.960089850206004236e-01
4.479840716774515300e-03 9.955112294058973132e-01
4.975124378109453509e-03 9.950137225446249456e-01
5.469915464942813957e-03 9.945164643124688730e-01
5.964214711729622087e-03 9.940194545851765984e-01
6.458022851465475278e-03 9.935226932385569087e-01
6.951340615690169283e-03 9.930261801484827622e-01
7.444168734491314263e-03 9.925299151908877349e-01
7.936507936507936067e-03 9.920338982417664653e-01
8.428358948934061914e-03 9.915381291771780958e-01
8.919722497522300855e-03 9.910426078732416100e-01
9.410599306587419041e-03 9.905473342061381636e-01
9.900990099009901110e-03 9.900523080521121955e-01
1.039089559623948729e-02 9.895575292874685402e-01
1.088031651829871396e-02 9.890629977885740942e-01
1.136925358378645425e-02 9.885687134318583702e-01
1.185770750988142386e-02 9.880746760938112772e-01
1.234567901234568006e-02 9.875808856509860068e-01
1.283316880552813621e-02 9.870873419799962578e-01
1.332017760236803121e-02 9.865940449575173465e-01
1.380670611439842148e-02 9.861009944602869837e-01
1.429275505174963136e-02 9.856081903651046083e-01
1.477832512315271039e-02 9.851156325488298338e-01
1.526341703594288370e-02 9.846233208883860000e-01
1.574803149606299191e-02 9.841312552607557329e-01
1.623216920806689820e-02 9.836394355429841641e-01
1.671583087512291260e-02 9.831478616121778202e-01
1.719901719901719903e-02 9.826565333455056228e-01
1.768172888015717356e-02 9.821654506201951129e-01
1.816396661757486639e-02 9.816746133135385577e-01
1.864573110893032529e-02 9.811840213028869551e-01
1.912702305051495674e-02 9.806936744656540306e-01
1.960784313725490169e-02 9.802035726793144610e-01
2.008819206271435578e-02 9.797137158214038744e-01
2.056807051909892436e-02 9.792241037695188499e-01
2.104747919725893229e-02 9.787347364013183615e-01
2.152641878669275810e-02 9.782456135945208908e-01
2.200488997555012302e-02 9.777567352269077583e-01
2.248289345063538697e-02 9.772681011763193482e-01
2.296042989741084450e-02 9.767797113206591053e-01
2.343750000000000000e-02 9.762915655378903157e-01
2.391410444119082546e-02 9.758036637060369944e-01
2.439024390243902871e-02 9.753160057031856622e-01
2.486591906387128348e-02 9.748285914074817926e-01
2.534113060428850109e-02 9.743414206971332536e-01
2.581587920116902232e-02 9.738544934504079764e-01
2.629016553067186138e-02 9.733678095456352874e-01
2.676399026763990122e-02 9.728813688612046873e-01
2.723735408560311322e-02 9.723951712755666277e-01
2.771025765678172131e-02 9.719092166672331778e-01
2.818270165208941122e-02 9.714235049147755818e-01
2.865468674113647377e-02 9.709380358968273672e-01
2.912621359223300718e-02 9.704528094920811254e-01
2.959728287239204308e-02 9.699678255792915094e-01
3.006789524733268978e-02 9.694830840372726799e-01
3.053805138148327561e-02 9.689985847449005263e-01
3.100775193798449569e-02 9.685143275811096686e-01
3.147699757869249632e-02 9.680303124248973434e-01
3.194578896418200087e-02 9.675465391553197403e-01
3.241412675374939767e-02 9.670630076514937778e-01
3.288201160541585899e-02 9.665797177925975481e-01
3.334944417593040805e-02 9.660966694578686509e-01
3.381642512077295132e-02 9.656138625266051934e-01
3.428295509415741488e-02 9.651312968781661228e-01
3.474903474903474898e-02 9.646489723919701165e-01
3.521466473709599504e-02 9.641668889474961368e-01
3.567984570877531098e-02 9.636850464242842085e-01
3.614457831325301046e-02 9.632034447019331980e-01
3.660886319845857440e-02 9.627220836601033671e-01
3.707270101107366239e-02 9.622409631785141526e-01
3.753609239653513119e-02 9.617600831369457204e-01
3.799903799903799756e-02 9.612794434152381884e-01
3.846153846153846367e-02 9.607990438932914046e-01
3.892359442575685224e-02 9.603188844510657241e-01
3.938520653218059719e-02 9.598389649685815650e-01
3.984637542006720656e-02 9.593592853259187425e-01
4.030710172744721848e-02 9.588798454032170238e-01
4.076738609112710160e-02 9.584006450806767941e-01
4.122722914669223887e-02 9.579216842385575026e-01
4.168663152850982101e-02 9.574429627571788837e-01
4.214559386973179556e-02 9.569644805169202906e-01
4.260411680229774650e-02 9.564862373982212507e-01
4.306220095693780170e-02 9.560082332815803552e-01
4.351984696317550555e-02 9.555304680475567025e-01
4.397705544933078192e-02 9.550529415767683439e-01
4.443382704252269583e-02 9.545756537498932826e-01
4.489016236867240245e-02 9.540986044476694738e-01
4.534606205250596433e-02 9.536217935508937149e-01
4.580152671755725186e-02 9.531452209404237541e-01
4.625655698617071876e-02 9.526688864971751824e-01
4.671115347950429569e-02 9.521927901021240981e-01
4.716531681753215882e-02 9.517169316363057741e-01
4.761904761904761640e-02 9.512413109808152134e-01
4.807234650166587742e-02 9.507659280168068161e-01
4.852521408182684098e-02 9.502907826254942680e-01
4.897765097479790664e-02 9.498158746881500969e-01
4.942965779467680537e-02 9.493412040861073375e-01
4.988123515439429889e-02 9.488667707007566454e-01
5.033238366571700373e-02 9.483925744135499603e-01
5.078310393925011129e-02 9.479186151059970644e-01
5.123339658444022587e-02 9.474448926596669152e-01
5.168326220957800143e-02 9.469714069561889769e-01
5.213270142180095185e-02 9.464981578772504456e-01
5.258171482709615707e-02 9.460251453045982473e-01
5.303030303030303177e-02 9.455523691200380387e-01
5.347846663511594822e-02 9.450798292054354288e-01
5.392620624408704655e-02 9.446075254427140910e-01
5.437352245862883682e-02 9.441354577138569848e-01
5.482041587901701624e-02 9.436636259009065775e-01
5.526688710439301572e-02 9.431920298859638452e-01
5.571293673276676850e-02 9.427206695511884949e-01
5.615856536101934693e-02 9.422495447787988532e-01
5.660377358490565475e-02 9.417786554510733099e-01
5.704856199905705000e-02 9.413080014503480974e-01
5.749293119698398180e-02 9.408375826590187341e-01
5.793688177107865489e-02 9.403673989595389138e-01
5.838041431261770109e-02 9.398974502344215054e-01
5.882352941176470507e-02 9.394277363662383307e-01
5.926622765757291050e-02 9.389582572376194980e-01
5.970850963798778055e-02 9.384890127312540686e-01
6.015037593984962072e-02 9.380200027298891685e-01
6.059182714889619487e-02 9.375512271163309874e-01
6.103286384976526480e-02 9.370826857734442239e-01
6.147348662599717850e-02 9.366143785841523073e-01
6.191369606003752080e-02 9.361463054314366206e-01
6.235349273323956970e-02 9.356784661983372775e-01
6.279287722586691933e-02 9.352108607679537888e-01
6.323185011709603343e-02 9.347434890234419536e-01
6.367041198501872945e-02 9.342763508480177448e-01
6.410856340664483621e-02 9.338094461249552003e-01
6.454630495790458777e-02 9.333427747375864225e-01
6.498363721365123247e-02 9.328763365693019116e-01
6.542056074766355867e-02 9.324101315035501214e-01
6.585707613264829563e-02 9.319441594238380144e-01
6.629318394024277805e-02 9.314784202137311730e-01
6.672888474101727752e-02 9.310129137568528002e-01
6.716417910447761153e-02 9.305476399368844964e-01
6.759906759906759988e-02 9.300825986375654830e-01
6.803355079217147938e-02 9.296177897426939341e-01
6.846762925011644352e-02 9.291532131361260882e-01
6.890130353817504327e-02 9.286888687017752497e-01
6.933457422056769903e-02 9.282247563236133425e-01
6.976744186046511531e-02 9.277608758856702442e-01
7.019990701999070937e-02 9.272972272720344522e-01
7.063197026022303981e-02 9.268338103668511962e-01
7.106363214119833238e-02 9.263706250543238818e-01
7.149489322191272811e-02 9.259076712187146452e-01
7.192575406032483687e-02 9.254449487443422440e-01
7.235621521335806883e-02 9.249824575155844997e-01
7.278627723690310469e-02 9.245201974168762993e-01
7.321594068582021331e-02 9.240581683327097062e-01
7.364520611394165250e-02 9.235963701476361809e-01
7.407407407407406996e-02 9.231348027462630279e-01
7.450254511800093182e-02 9.226734660132560606e-01
7.493061979648474313e-02 9.222123598333394900e-01
7.535829865926954585e-02 9.217514840912942597e-01
7.578558225508318091e-02 9.212908386719581566e-01
7.621247113163973075e-02 9.208304234602279204e-01
7.663896583564173970e-02 9.203702383410574672e-01
7.706506691278265653e-02 9.199102831994581120e-01
7.749077490774908261e-02 9.194505579204975687e-01
7.791609036422314505e-02 9.189910623893031705e-01
7.834101382488480037e-02 9.185317964910576505e-01
7.876554583141411048e-02 9.180727601110019176e-01
7.918968692449356028e-02 9.176139531344347233e-01
7.961343764381040300e-02 9.171553754467113295e-01
8.003679852805888062e-02 9.166970269332445076e-01
8.045977011494254150e-02 9.162389074795048716e-01
8.088235294117646079e-02 9.157810169710194348e-01
8.130454754248965521e-02 9.153233552933727202e-01
8.172635445362717854e-02 9.148659223322068712e-01
8.214777420835245314e-02 9.144087179732200976e-01
8.256880733944953199e-02 9.139517421021688959e-01
8.298945437872534692e-02 9.134949946048666058e-01
8.340971585701191515e-02 9.130384753671829667e-01
8.382959230416857366e-02 9.125821842750454493e-01
8.424908424908424120e-02 9.121261212144382569e-01
8.466819221967962494e-02 9.116702860714025469e-01
8.508691674290942697e-02 9.112146787320367647e-01
8.550525834476452314e-02 9.107592990824954216e-01
8.592321755027421126e-02 9.103041470089909826e-01
8.634079488350844545e-02 9.098492223977923121e-01
8.675799086757991774e-02 9.093945251352244519e-01
8.717480602464629247e-02 9.089400551076707302e-01
8.759124087591239893e-02 9.084858122015699866e-01
8.800729594163246572e-02 9.080317963034181261e-01
8.842297174111213298e-02 9.075780072997681192e-01
8.883826879271071453e-02 9.071244450772298906e-01
8.925318761384334887e-02 9.066711095224686545e-01
8.966772872098316416e-02 9.062180005222074675e-01
9.008189262966333211e-02 9.057651179632257854e-01
9.049567985447931617e-02 9.053124617323594636e-01
9.090909090909091161e-02 9.048600317165013118e-01
9.132212630622445204e-02 9.044078278025999840e-01
9.173478655767484946e-02 9.039558498776610884e-01
9.214707217430777308e-02 9.035040978287470770e-01
9.255898366606170324e-02 9.030525715429754685e-01
9.297052154195012408e-02 9.026012709075217355e-01
9.338168631006346643e-02 9.021501958096173057e-01
9.379247847757138379e-02 9.016993461365487850e-01
9.420289855072463969e-02 9.012487217756610658e-01
9.461294703485739754e-02 9.007983226143537747e-01
9.502262443438913575e-02 9.003481485400838258e-01
9.543193125282678491e-02 8.998981994403638662e-01
9.584086799276671231e-02 8.994484752027622765e-01
9.624943515589697018e-02 8.989989757149048355e-01
9.665763324299909975e-02 8.985497008644727224e-01
9.706546275395033785e-02 8.981006505392029604e-01
9.747292418772562916e-02 8.976518246268894163e-01
9.788001804239963854e-02 8.972032230153818011e-01
9.828674481514877714e-02 8.967548455925853368e-01
9.869310500225327021e-02 8.963066922464620889e-01
9.909909909909908610e-02 8.958587628650296342e-01
9.950472760018010121e-02 8.954110573363613934e-01
9.990999099909991799e-02 8.949635755485869648e-01
1.003148897885740021e-01 8.945163173898922349e-01
1.007194244604316530e-01 8.940692827485178240e-01
1.011235955056179747e-01 8.936224715127616403e-01
1.015274034141958742e-01 8.931758835709763256e-01
1.019308486753480042e-01 8.927295188115702551e-01
1.023339317773788032e-01 8.922833771230089805e-01
1.027366532077164663e-01 8.918374583938117883e-01
1.031390134529148045e-01 8.913917625125558075e-01
1.035410129986553268e-01 8.909462893678719020e-01
1.039426523297490995e-01 8.905010388484477790e-01
1.043439319301388279e-01 8.900560108430259909e-01
1.047448522829006329e-01 8.896112052404058224e-01
1.051454138702460905e-01 8.891666219294410700e-01
1.055456171735241477e-01 8.887222607990413747e-01
1.059454626732230648e-01 8.882781217381724437e-01
1.063449508489723028e-01 8.878342046358544959e-01
1.067440821795444528e-01 8.873905093811638167e-01
1.071428571428571230e-01 8.869470358632320917e-01
1.075412762159750069e-01 8.865037839712466283e-01
1.079393398751115063e-01 8.860607535944493574e-01
1.083370485956308554e-01 8.856179446221384977e-01
1.087344028520499245e-01 8.851753569436665581e-01
1.091314031180400795e-01 8.847329904484423357e-01
1.095280498664292085e-01 8.842908450259292508e-01
1.099243435692033866e-01 8.838489205656464565e-01
1.103202846975088885e-01 8.834072169571678401e-01
1.107158737216540623e-01 8.829657340901228002e-01
1.111111111111111049e-01 8.825244718541958022e-01
1.115059973345179922e-01 8.820834301391260457e-01
1.119005328596802962e-01 8.816426088347086854e-01
1.122947181535730032e-01 8.812020078307933879e-01
1.126885536823424988e-01 8.807616270172846651e-01
1.130820399113082048e-01 8.803214662841426508e-01
1.134751773049645363e-01 8.798815255213816577e-01
1.138679663269827197e-01 8.794418046190719540e-01
1.142604074402125830e-01 8.790023034673383195e-01
1.146525011066843874e-01 8.785630219563601573e-01
1.150442477876106318e-01 8.781239599763721593e-01
1.154356479433878840e-01 8.776851174176630854e-01
1.158267020335985859e-01 8.772464941705778729e-01
1.162174105170128285e-01 8.768080901255151938e-01
1.166077738515901019e-01 8.763699051729288980e-01
1.169977924944812370e-01 8.759319392033271257e-01
1.173874669020300160e-01 8.754941921072735278e-01
1.177767975297750458e-01 8.750566637753859345e-01
1.181657848324515203e-01 8.746193540983364656e-01
1.185544292639929553e-01 8.741822629668528633e-01
1.189427312775330481e-01 8.737453902717171594e-01
1.193306913254073287e-01 8.733087359037651209e-01
1.197183098591549227e-01 8.728722997538881367e-01
1.201055873295204662e-01 8.724360817130316637e-01
1.204925241864555907e-01 8.720000816721956705e-01
1.208791208791208938e-01 8.715642995224343048e-01
1.212653778558875489e-01 8.711287351548571145e-01
1.216512955643390403e-01 8.706933884606264940e-01
1.220368744512730502e-01 8.702582593309613479e-01
1.224221149627029576e-01 8.698233476571326506e-01
1.228070175438596423e-01 8.693886533304675535e-01
1.231915826391933450e-01 8.689541762423461657e-01
1.235758106923751237e-01 8.685199162842042186e-01
1.239597021462987420e-01 8.680858733475301792e-01
