-157.6282208588957 21.278084714548804
-157.4883435582822 21.263351749539595
-157.28220858895705 21.211786372007367
-157.09079754601225 21.152854511970535
-156.8920245398773 21.07182320441989
-156.69325153374234 20.976058931860038
-156.45766871165645 20.843462246777165
-156.31779141104295 20.74769797421731
-156.1484662576687 20.607734806629836
-155.99386503067484 20.467771639042358
-155.86134969325153 20.32780847145488
-155.70674846625766 20.14364640883978
-155.57423312883435 19.959484346224677
-155.45644171779142 19.760589318600367
-155.33865030674846 19.539594843462247
-155.24294478527608 19.333333333333332
-155.16196319018405 19.119705340699817
-155.10306748466257 18.913443830570902
-155.0441717791411 18.707182320441987
-155.0073619631902 18.523020257826886
-154.97055214723926 18.316758747697975
-154.94110429447852 18.132596685082873
-154.92638036809817 18
