-160.98527607361964 22.412523020257826
-160.89693251533743 22.397790055248617
-160.8085889570552 22.38305709023941
-160.6760736196319 22.353591160220994
-160.4920245398773 22.316758747697975
-160.2564417177914 22.265193370165747
-160.0355828220859 22.20626151012891
-159.71901840490798 22.12523020257827
-159.4687116564417 22.051565377532228
-159.21840490797547 21.963167587476978
-158.99018404907974 21.882136279926335
-158.70306748466257 21.771639042357275
-158.51165644171778 21.69060773480663
-158.31288343558282 21.609576427255984
-158.0920245398773 21.50644567219153
-157.8564417177914 21.388581952117864
-157.6429447852761 21.278084714548804