-157.6429447852761 21.278084714548804
-157.4957055214724 21.197053406998158
-157.34110429447853 21.108655616942908
-157.19386503067486 21.02025782688766
-157.05398773006135 20.93186003683241
-156.87730061349694 20.813996316758747
-156.73742331288344 20.71086556169429
-156.5239263803681 20.548802946593
-156.37668711656443 20.42357274401473
-156.22944785276073 20.29097605893186
-156.08957055214725 20.151012891344383
-155.93496932515336 19.98158379373849
-155.75828220858895 19.76795580110497
-155.66257668711657 19.635359116022098
-155.53742331288345 19.443830570902392
-155.42699386503068 19.230202578268877
-155.33128834355827 19.001841620626152
-155.24294478527608 18.758747697974215
-155.1766871165644 18.55985267034991
-155.12515337423312 18.360957642725598
-155.08098159509203 18.169429097605892
-155.0515337423313 17.992633517495396
